0.4026052
0.5636148
0.6935827
0.4713978
0.4470485
0.7764619
0.09464102
0.3698154
0.5171691
0.6939622
0.6513874
0.478354
0.2614033
0.4554486
0.1381453
0.164419
0.4354822
0.4424767
0.4910594
0.5989494
0.2171638
0.2449247
0.439983
0.5785746
0.5120548
0.5201327
0.6271765
0.538848
0.5398877
0.5419609
0.4663057
0.1312223
0.8035179
0.9472738
0.5720404
0.5864134
0.4374714
0.3246358
0.2658395
0.4811182
0.3959953
0.4023909
0.5708737
0.5576282
0.440965
0.5434825
0.3785055
0.2762146
0.7829795
0.6355984
0.1557195
0.3340542
0.5295427
0.449912
0.6828702
0.3232977
0.3256405
0.6171107
0.5798434
0.4888347
0.4539009
0.4919305
0.6742331
0.3330788
0.242065
0.668372
0.334399
0.1683427
0.7589262
0.2692651
0.5773612
0.2437786
0.2735462
0.620621
0.7102868
0.3412861
0.8667854
0.601417
0.3562602
0.7350014
0.5437409
0.7609462
0.5140924
0.3542139
0.5390585
0.5808861
0.8130161
0.3624465
0.3397702
0.351366
0.3271913
0.4766046
0.5676357
0.3387096
0.4824888
0.7768924
0.4132295
0.2848819
0.3038517
0.5394134
0.4669156
0.3010302
0.7352852
0.2282646
0.3799591
0.4635781
0.6562434
0.8321497
0.5216523
0.3611072
0.5360032
0.5847147
0.4059026
0.2848716
0.4323832
0.6428965
0.7471994
0.4514267
0.5200443
0.1010665
0.6874619
0.223025
0.7444513
0.1946028
0.890098
0.5609153
0.3697495
0.8803863
0.6746064
0.4487254
0.3480463
0.698231
0.3720298
0.1933774
0.4927579
0.5382995
0.4901111
0.3513885
0.5093762
0.5266486
0.4982013
0.6553211
0.3627368
0.6969804
0.2459146
0.2214265
0.652194
0.1924348
0.5010769
0.8190021
0.4893705
0.6877131
0.3893225
0.7945383
0.3572608
0.4436483
0.4985215
0.3641877
0.454317
0.2547612
0.4995958
0.6203395
0.3068798
0.6349534
0.3114845
0.3811619
0.4949307
0.5533492
0.7888048
0.8273295
0.3157526
0.5819939
0.2054862
0.6512757
0.5414423
0.5358988
0.5702494
0.4174511
0.3453505
0.5958466
0.2026878
0.3395431
0.6000697
0.2699189
0.8039785
0.7036673
0.5983217
0.4545513
0.3530449
0.3787356
0.2386924
0.5558317
0.8427624
0.2962233
0.291827
0.3818647
0.4022218
0.335653
0.6371634
0.6855251
0.5136177
0.549538
0.231236
0.6867937
0.7337046
0.7198404
0.7473576
0.4988691
0.3904171
0.54177
0.7078982
0.8264374
0.4101439
0.7424039
0.6666372
0.6584973
0.7147299
0.462374
0.4063792
0.5689723
0.6646693
0.3961981
0.4498451
0.1812066
0.3412911
0.3844174
0.6527376
0.2484688
0.4545423
0.3829203
0.4489242
0.6062469
0.6082329
0.5768942
0.4310933
0.7103323
0.6794277
0.6143768
0.3865555
0.66146
0.7920496
0.5747156
0.8370216
0.7801156
0.5779741
0.2100594
0.3267504
0.326233
0.3810604
0.4800579
0.5485806
0.2138367
0.8681487
0.7412855
0.5286972
0.3406492
0.2084357
0.2560359
0.4322971
0.5249952
0.2757015
0.01053912
0.8604099
0.4614986
0.4722222
0.283987
0.784551
0.5934545
0.6430449
0.8407974
0.5903254
0.4308989
0.5415132
0.3293129
0.5617508
0.2211738
0.6436363
0.2996388
0.4463268
0.1734337
0.3671846
0.3752375
0.4729418
0.5693181
0.4754733
0.3815097
0.5037118
0.4479343
0.4760476
0.5062606
0.5126012
0.5162094
0.531928
0.4613244
0.6032955
0.4215065
0.7014207
0.3674943
0.2675541
0.3609728
0.1053507
0.4453747
0.4319802
0.3374551
0.4372572
0.4831381
0.2079277
0.6623006
0.3712686
0.2509543
0.6999421
0.3255253
0.2317392
0.2933946
0.6358878
0.2403236
0.4581631
0.3021522
0.4797655
0.4497483
0.8545583
0.1961284
0.4927883
0.5280453
0.3247919
0.6387458
0.735491
0.3736137
0.2990575
0.5385502
0.5788436
0.8049737
0.5743292
0.3922731
0.7749141
0.7212303
0.4273733
0.2456292
0.5721154
0.7438272
0.7572712
0.4644677
0.4596019
0.3820245
0.389045
0.6099867
0.553329
0.4520521
0.7951611
0.4976463
0.5117184
0.4805536
0.606286
0.3871111
0.5349144
0.4845257
0.4101286
0.51387
0.4378018
0.9029372
0.3468481
0.4061789
0.3126234
0.5116979
0.6844486
0.3263792
0.6903147
0.4420205
0.6437342
0.2022605
0.6120606
0.4784541
0.1258333
0.6156744
0.2999841
0.3565733
0.4170594
0.5547537
0.7511505
0.59644
0.3021549
0.286066
0.3667486
0.8277753
0.511005
0.6725092
0.5725354
0.2026241
0.3778443
0.7691826
0.6832172
0.4389635
0.7689909
0.616948
0.2520737
0.7450571
0.3971986
0.4942839
0.3704719
0.4054627
0.4995615
0.1544286
0.6066072
0.7730511
0.4807269
0.5273971
0.5935516
0.7061044
0.3373327
0.5450633
0.6633622
0.3845162
0.8549959
0.2870719
0.4669153
0.1401343
0.538414
0.3597442
0.2424682
0.2408235
0.3612633
0.3102286
0.2921593
0.520556
0.4231313
0.6494862
0.6379791
0.5573023
0.8834958
0.589813
0.6540126
0.6527662
0.4195479
0.3253079
0.267734
0.4858026
0.3404012
0.3963849
0.2396269
0.6939192
0.2777191
0.2024714
0.7209767
0.7120213
0.6842387
0.3094712
0.6283781
0.4623868
0.4370036
0.7311513
0.2770098
0.7105139
0.4525811
0.5511934
0.3256116
0.2611591
0.4560381
0.5695747
0.88096
0.6452142
0.3872214
0.6305062
0.5701813
0.3568145
0.4157698
0.7053713
0.5346191
0.3905401
0.4662464
0.541036
0.2776433
0.7864014
0.5408887
0.5453288
0.5822064
0.6062334
0.4451627
0.5470052
0.2287583
0.305523
0.7188972
0.3140185
0.6188696
0.7087604
0.3662915
0.7863496
0.1815076
0.388421
0.125
0.2474363
0.5145839
0.443453
0.1701769
0.5168123
0.7063509
0.8339378
0.4847992
0.7541135
0.4431888
0.385073
0.7263364
0.3573173
0.4162672
0.4380562
0.378991
0.4919248
0.6158205
0.5655534
0.7827213
0.5012555
0.4738232
0.503512
0.4544393
0.230888
0.7388471
0.2538358
0.3130571
0.2686117
0.2015697
0.4335454
0.8129146
0.410054
0.837236
0.1310334
0.07797911
0.2046985
0.1951478
0.219136
0.4246624
0.4499423
0.3958803
0.5875701
0.5710885
0.6331696
0.5593562
0.2937308
0.4505291
0.6082083
0.7826949
0.6088531
0.5157553
0.5198116
0.8194735
0.5098517
0.2016334
0.5526362
0.1987138
0.7102542
0.5880169
0.2789345
0.8088102
0.4565984
0.6587334
0.6692692
0.274066
0.1586806
0.5292781
0.5755221
0.5011537
0.5609832
0.3064985
0.6361428
0.641332
0.5067401
0.8139879
0.7734414
0.5724808
0.2214526
0.6809057
0.5916001
0.318068
0.8359202
0.4932716
0.6367562
0.405374
0.559816
0.09700882
0.5103788
0.7448539
0.5820114
0.8891873
0.3761693
0.3933155
0.2639703
0.6430818
0.3804094
0.1711761
0.3372838
0.4226038
0.8128783
0.5650468
0.4403352
0.6618809
0.6367539
0.5521809
0.4784808
0.268287
0.8298694
0.4226457
0.7844277
0.6832781
0.8216632
0.4798284
0.4967719
0.4897475
0.7017524
0.3136092
0.8910038
0.3335275
0.3999751
0.3718193
0.6033592
0.5621765
0.6363111
0.427322
0.5590899
0.1573875
0.4734969
0.2669334
0.6852724
0.1595695
0.2828155
0.3873184
0.4070536
0.2239104
0.6431463
0.6854392
0.671077
0.5958822
0.2624288
0.4747294
0.3780064
0.4799833
0.9336059
0.2992065
0.3423786
0.503481
0.9111716
0.6477658
0.1428217
0.6250866
0.4108736
0.6731215
0.550372
0.2528591
0.4486176
0.4755354
0.728453
0.4240517
0.6805809
0.7587558
0.7439591
0.2460544
0.1771483
0.4882251
0.6845458
0.5529403
0.4681926
0.6085782
0.4979767
0.1511148
0.3576371
0.6216819
0.4592663
0.6453645
0.4041395
0.5648608
0.5386247
0.6123044
0.4859759
0.657319
0.219787
0.8500558
0.8095986
0.4198892
0.8092784
0.6555838
0.3860664
0.3311188
0.3143948
0.2557548
0.6253568
0.6749975
0.5089731
0.485366
0.3882597
0.3515855
0.3332971
0.9602436
0.3540261
0.399201
0.480543
0.8468729
0.3060319
0.01899578
0.6186932
0.3406742
0.6064982
0.1796633
0.3882811
0.7323957
0.4165676
0.4402141
0.1919729
0.3114745
0.5270978
0.7060121
0.8315373
0.3403993
0.5153171
0.4645932
0.4607201
0.7365764
0.5316713
0.4291981
0.5441862
0.6330965
0.5054103
0.4995851
0.563248
0.5740087
0.7551226
0.5780902
0.5469698
0.5999333
0.5048821
0.6809131
0.9131182
0.3821532
0.8127377
0.4520951
0.4246755
0.6885858
0.5726968
0.8095451
0.4685829
0.5679601
0.4940952
0.723205
0.3135167
0.6711571
0.3146317
0.8776999
0.4663452
0.6664257
0.6188073
0.5983696
0.2403887
0.7415625
0.6854886
0.8496528
0.6090558
0.5070967
0.5502241
0.6063873
0.4203444
0.6585036
0.6643431
0.4062773
0.6727496
0.7574389
0.1924861
0.3787307
0.6437485
0.2001409
0.7384466
0.3775889
0.4499459
0.5109644
0.3843663
0.6991784
0.551799
0.2458102
0.5816746
0.7020776
0.531079
0.8623094
0.5907656
0.4514032
0.740979
0.5591486
0.7697266
0.04683186
0.293166
0.5292746
0.60755
0.8644664
0.7587583
0.8620497
0.6327583
0.7029452
0.6822913
0.7310302
0.7119205
0.649132
0.7640852
0.2740567
0.6210264
0.08957642
0.6980323
0.5842144
0.6589626
0.3495212
0.3398321
0.5273534
0.7925833
0.4536954
0.6201602
0.1994787
0.567484
0.4017534
0.5359652
0.2449547
0.4332576
0.488115
0.4782052
0.4900194
0.8215635
0.2770166
0.1905422
0.7078088
0.3547295
0.2798358
0.5185893
0.5554595
0.5377508
0.5434643
0.7902125
0.6406318
0.3318866
0.3147471
0.4776717
0.7178025
0.4941248
0.5752668
0.6566385
0.3883138
0.6841601
0.5122346
0.5141824
0.4095102
0.1946103
0.2149671
0.6042204
0.6748724
0.6981029
0.4821647
0.849757
0.1940084
0.3746271
0.6465057
0.3413428
0.3065464
0.6356804
0.4484604
0.4240438
0.7047
0.6141229
0.6753336
0.4526975
0.5392045
0.2507054
0.3578338
0.2370118
0.2465895
0.6123156
0.7129147
0.3156283
0.2568643
0.2196972
0.6948398
0.6481984
0.3982944
0.3974097
0.6434545
0.4296172
0.5976161
0.6922514
0.7274954
0.2906598
0.1390534
0.6187529
0.5857149
0.5762898
0.3884978
0.6025249
0.5762045
0.6228816
0.29432
0.4636055
0.6103595
0.4778354
0.6149858
0.7699398
0.5785427
0.7368558
0.2945145
0.5893212
0.7515522
0.308838
0.5232164
0.6806314
0.607168
0.5916092
0.5076548
0.5299512
0.5688847
0.5449301
0.5173372
0.5058294
0.707628
0.6186854
0.3583753
0.790989
0.48119
0.03892815
0.4588391
0.9285526
0.4218664
0.4828946
0.7119381
0.5023974
0.6053075
0.8294682
0.5411485
0.4693163
0.711906
0.654814
0.5376764
0.8326395
0.2732825
0.4700018
0.3701329
0.3403674
0.6043003
0.5732781
0.7399236
0.8801239
0.4941547
0.4641825
0.4898951
0.5171072
0.2943945
0.2682253
0.5176719
0.8512029
0.4229351
0.6621947
0.4738633
0.8637088
0.7431346
0.2437705
0.7925347
0.4842955
0.4619069
0.5011303
0.8227925
0.2783443
0.1015136
0.4411114
0.6624451
0.7760304
0.6529675
0.7568193
0.4807391
0.6505043
0.7691994
0.3786394
0.5151591
0.406178
0.3403807
0.3400252
0.5529539
0.3694205
0.09258874
0.5442652
0.3918753
0.7329819
0.7646403
0.7053446
0.4596487
0.6676919
0.4281218
0.4037371
0.821478
0.7256784
0.3892534
0.5018987
0.6873884
0.5127214
0.4353501
0.7629738
0.5449187
0.7427461
0.5217556
0.2492898
0.6465289
0.731281
0.6721631
0.3372241
0.5857518
0.525708
0.7850186
0.3378496
0.5174106
0.5375827
0.714488
0.6663433
0.7613386
0.4453537
0.4749156
0.5155468
0.3678099
0.2842222
0.2393458
0.5624142
0.8627856
0.7227685
0.833092
0.2958246
0.6206417
0.2836041
0.440762
0.3317492
0.6603844
0.5435618
0.4125002
0.4204712
0.4412593
0.6832111
0.6001666
0.2216447
0.2322611
0.7886912
0.2678736
0.1885202
0.5211274
0.3947665
0.5480621
0.2760578
0.3999443
0.3592078
0.6752677
0.6273257
0.5165423
0.5585846
0.334231
0.5421808
0.6108986
0.2037083
0.5588419
0.5150069
0.6204274
0.2479202
0.2366342
0.8845926
0.6091962
0.5154153
0.6477452
0.2775907
0.6622056
0.6534451
0.4590398
0.5269447
0.5047588
0.8281354
0.3170452
0.6157029
0.4781967
0.531652
0.3706497
0.4551887
0.3424396
0.2082029
0.6629872
0.5172554
0.7191968
0.5798063
0.7730845
0.7241737
0.3600669
0.317621
0.4090439
0.7487274
0.5461002
0.3304098
0.686455
0.3535927
0.1729436
0.298242
0.3804543
0.8738897
0.6181606
0.5477539
0.5013375
0.4521026
0.5296959
0.733767
0.2866572
0.4221084
0.5622569
0.6980413
0.5746021
0.4083088
0.7459271
0.231213
0.4157559
0.8055895
0.8116204
0.6844422
0.3015435
0.5345489
0.6358576
0.5391742
0.5453522
0.7867547
0.2403083
0.3714646
0.3933309
0.3026119
0.4897698
0.5592834
0.2505339
0.3217214
0.4985259
0.4589773
0.350031
0.582215
0.7117614
0.5020527
0.4681914
0.3806557
0.7148667
0.4729848
0.3988765
0.4700955
0.4510539
0.8417492
0.7223262
0.4498265
0.7175098
0.3906844
0.6638847
0.1193188
0.491225
0.376583
0.7088127
0.6528247
0.5029649
0.6114121
0.3415518
0.3186991
0.5489977
0.5522963
0.3157415
0.5016099
0.3823797
0.6021224
0.4299926
0.4997968
0.2629951
0.580373
0.5861031
0.5956562
0.5434052
0.3468789
0.6891679
0.4823236
0.7949913
0.5040051
0.3310279
0.5927292
0.7840759
0.4319518
0.2152264
0.1099868
0.5801452
0.4654207
0.47174
0.5461007
0.6465434
0.244041
0.3314084
0.5582855
0.5345473
0.7930753
0.4802496
0.6175394
0.6579083
0.6134705
0.1897394
0.4295992
0.5937324
0.4648391
0.393032
0.7162148
0.5494897
0.3861504
0.5706838
0.2700441
0.6298401
0.5695552
0.5089659
0.1818277
0.6566575
0.7377035
0.6942093
0.2992785
0.3109178
0.4110728
0.1479304
0.1295928
0.6965275
0.462841
0.4945862
0.7448443
0.5066416
0.1300652
0.4792251
0.3377302
0.3173501
0.2715154
0.7228323
0.4896211
0.5832853
0.5389238
0.4806294
0.6739184
0.6400735
0.5445874
0.5966812
0.4955474
0.1523639
0.02469696
0.4181009
0.3063724
0.2232092
0.2779311
0.2963448
0.4288516
0.4511783
0.3434639
0.4360025
0.3012385
0.1750776
0.5512411
0.8101844
0.5028515
0.1101648
0.4088932
0.6224063
0.6186553
0.7167339
0.7938465
0.2686224
0.4993164
0.6815005
0.3728198
0.1200202
0.7366598
0.380556
0.719439
0.7513012
0.4379267
0.514872
0.5790809
0.1986937
0.68788
0.4405958
0.6671166
0.228675
0.519273
0.349144
0.8830546
0.7214544
0.4638062
0.39709
0.3811125
0.1600709
0.4875591
0.3667704
0.877558
0.7284687
0.4947374
0.682106
0.4187918
0.5161893
0.3511628
0.3842509
0.3500667
0.5585157
0.4045007
0.1336622
0.2171793
0.4841756
0.7108888
0.2629008
0.6992576
0.5698043
0.6449327
0.4946612
0.5071161
0.3740434
0.3884376
0.3548133
0.455185
0.5054158
0.4694136
0.2558235
0.6516721
0.6913878
0.3429297
0.04637498
0.466322
0.2527194
0.4408391
0.3453656
0.3931538
0.2587671
0.5595859
0.4333096
0.7643413
0.6090187
0.6106564
0.1641732
0.2019505
0.4184376
0.4613059
0.6268113
0.4283699
0.3892951
0.7149288
0.6088514
0.6573811
0.5537905
0.6398711
0.5231092
0.6957571
0.2948612
0.6930491
0.8451476
0.6217615
0.6099182
0.1472878
0.2639314
0.3970156
0.7058786
0.3074931
0.8088639
0.620895
0.6464464
0.3561491
0.4207631
0.5445459
0.5197298
0.3965974
0.2570516
0.7644427
0.371071
0.6965907
0.4436602
0.2269956
0.3343654
0.3136149
0.3571192
0.4459525
0.4426442
0.7533113
0.3890599
0.5695493
0.4783991
0.6465136
0.1939575
0.3606261
0.5464696
0.7022231
0.2679976
0.7788787
0.5226046
0.1982671
0.6173969
0.3101487
0.5970095
0.6955642
0.1812812
0.8129076
0.3010974
0.3983899
0.4400117
0.6772809
0.2428949
0.2920482
0.4789201
0.467007
0.7692858
0.4886078
0.5852915
0.3705421
0.5145506
0.542024
0.6419202
0.3928127
0.4889737
0.4526905
0.3969114
0.4104057
0.3699787
0.534065
0.4789457
0.4811748
0.1109158
0.86142
0.2904509
0.6099976
0.442285
0.2692894
0.4508075
0.870446
0.56605
0.3571021
0.3654181
0.4084608
0.3451011
0.4232704
0.4894705
0.2287795
0.6613133
0.4370442
0.7041213
0.7093346
0.5126551
0.7665207
0.5431822
0.230213
0.2543299
0.8963197
0.3092131
0.4650544
0.4055652
0.5864147
0.3937477
0.5534279
0.6953234
0.6254307
0.2440495
0.6399608
0.2161731
0.09058891
0.4197267
0.5076237
0.3564098
0.369068
0.1080262
0.3831874
0.3176348
0.175631
0.6877814
0.3045395
0.6249825
0.7851403
0.2919818
0.4666312
0.7427436
0.6583933
0.3964701
0.5624894
0.5431363
0.4612605
0.3880807
0.5695984
0.7086501
0.4707002
0.8900412
0.6030716
0.5251366
0.4200317
0.3214741
0.7677196
0.2347016
0.4102728
0.7259252
0.7439496
0.2093029
0.2619273
0.7767083
0.9318162
0.6210745
0.8794698
0.4432812
0.5258268
0.2071826
0.3944351
0.5450333
0.4659541
0.2532963
0.8032196
0.5236393
0.5439822
0.593221
0.639598
0.3048554
0.5793826
0.3572806
0.6471937
0.6931168
0.5089394
0.5627834
0.4148231
0.829257
0.3531029
0.4198347
0.4768574
0.5784247
0.3713782
0.6184595
0.2749743
0.4318474
0.7019155
0.726483
0.2655314
0.2012172
0.6379536
0.4115232
0.2917764
0.7320937
0.3623506
0.4505106
0.6779589
0.4778316
0.4716435
0.5166897
0.723221
0.4177101
0.5311206
0.3946391
0.7349707
0.6614945
0.6573608
0.5850765
0.2381572
0.3739336
0.6351062
0.1374571
0.4316225
0.8402681
0.5471589
0.6584419
0.2012131
0.7306687
0.5918371
0.3959854
0.1516189
0.8170163
0.7960703
0.4608679
0.6569484
0.2784825
0.4242676
0.172488
0.6333343
0.5663036
0.180088
0.4375202
0.864476
0.632598
0.4634087
0.5996552
0.4500954
0.5252302
0.8340749
0.3595268
0.6752651
0.6498056
0.6041545
0.3009578
0.5031761
0.1714775
0.5752971
0.3048931
0.4912918
0.3579947
0.6234096
0.5548113
0.6649349
0.4533031
0.8122435
0.7445611
0.6826624
0.4253081
0.3970893
0.562128
0.7000389
0.4096833
0.1553819
0.2299119
0.5020376
0.3758354
0.1659999
0.156821
0.5139455
0.2525567
0.3290236
0.5413447
0.5626697
0.249224
0.5936985
0.158179
0.4215077
0.1912034
0.5844878
0.1799518
0.3980619
0.7708871
0.6250629
0.6125762
0.7469901
0.4772595
0.4379658
0.4184
0.6882645
0.8573789
0.5377077
0.5274656
0.712159
0.7003476
0.2841566
0.2699335
0.7436591
0.2996917
0.3255846
0.4452357
0.605941
0.3955268
0.3582165
0.6338173
0.6471174
0.5578455
0.3019083
0.4408816
0.358992
0.6840739
0.5986704
0.3937637
0.7442495
0.4577638
0.5133353
0.4063212
0.2889344
0.8053994
0.02498041
0.2097516
0.1820104
0.7097798
0.8588858
0.5773876
0.3717753
0.3255074
0.4625308
0.4743138
0.2327385
0.7504042
0.5327546
0.3989917
0.4811965
0.1741022
0.2913721
0.4379338
0.8676995
0.3599361
0.4505103
0.5939325
0.7733763
0.2420193
0.4050553
0.4049283
0.6230292
0.7631369
0.6429108
0.276155
0.5732961
0.6530629
0.3367795
0.4243763
0.7754288
0.646221
0.3689539
0.4104766
0.5078744
0.09893283
0.6303727
0.4291618
0.2639821
0.7072537
0.6543118
0.6873027
0.3405913
0.3831375
0.5323828
0.7980532
0.3002458
0.5301107
0.3335621
0.4341354
0.2965459
0.3202518
0.4388401
0.3308717
0.3422529
0.6417828
0.9220063
0.5829162
0.2883121
0.3810862
0.5118908
0.7041514
0.6941817
0.5577797
0.5438937
0.3593661
0.4975067
0.2182479
0.6358307
0.3759981
0.548032
0.1791923
0.2184407
0.6776124
0.3200667
0.9077272
0.6408462
0.6590882
0.4571522
0.4579113
0.6241844
0.4994599
0.6359077
0.2971032
0.7137074
0.3783308
0.5924212
0.3744733
0.3923592
0.3947937
0.3165142
0.5158727
0.4736485
0.5556391
0.6174289
0.5350487
0.5486716
0.2747711
0.6941966
0.4705466
0.588561
0.6558778
0.7103851
0.5445215
0.3630522
0.8810975
0.7228556
0.6348651
0.6419163
0.5087711
0.6218016
0.6634036
0.6649932
0.375152
0.9246138
0.5701311
0.6508101
0.4910371
0.3090898
0.1612757
0.9314442
0.8594945
0.2437956
0.05855437
0.6983345
0.4843549
0.4880936
0.5630568
0.6555755
0.3692088
0.7100216
0.4279858
0.5273732
0.6635618
0.6124185
0.3740842
0.4769016
0.3225711
0.2433144
0.4988387
0.5120148
0.4465997
0.7834918
0.3653098
0.5464196
0.5782354
0.5643965
0.3374444
0.6310628
0.2274699
0.454993
0.3618616
0.6011178
0.626693
0.5730475
0.4064155
0.3519492
0.1655514
0.09294868
0.6968827
0.6128204
0.5067807
0.4167642
0.5028643
0.2936481
0.4856259
0.5857141
0.5189118
0.5790755
0.3108127
0.2387079
0.7263537
0.278064
0.3647001
0.2382998
0.725744
0.4354387
0.2458997
0.6803448
0.5129828
0.2112885
0.4569008
0.7880071
0.4417781
0.2123985
0.4979365
0.4475966
0.6582563
0.7264673
0.6783091
0.4838761
0.217522
0.5183978
0.6794295
0.6789172
0.7977632
0.8375784
0.4299252
0.2892215
0.4723112
0.3952844
0.3634022
0.7232955
0.5470182
0.5773705
0.1620412
0.2716958
0.3471373
0.3889786
0.6957014
0.2759963
0.6660889
0.6747273
0.7328741
0.8156313
0.6733099
0.3847322
0.3013893
0.5372413
0.5495
0.44736
0.8082926
0.4293958
0.5654492
0.6799615
0.7208758
0.18267
0.5535957
0.1861384
0.5416203
0.5041226
0.5105562
0.3714428
0.2648559
0.4002815
0.4256514
0.3181628
0.4477992
0.495546
0.4816263
0.4253161
0.504417
0.4625603
0.6043904
0.6390029
0.4381766
0.7464193
0.4119354
0.699095
0.5780879
0.7286783
0.8175263
0.6971944
0.7306257
0.4214043
0.4819342
0.5651489
0.5166303
0.7366874
0.2343246
0.4756835
0.4978964
0.5348807
0.2034
0.798099
0.7420981
0.4718389
0.6223674
0.3260933
0.6125547
0.7955769
0.5825589
0.6901855
0.7241103
0.4996194
0.393911
0.3633758
0.6599286
0.1616631
0.8251301
0.1931483
0.452294
0.4891683
0.5000525
0.5515092
0.6218074
0.7744975
0.5220791
0.7415484
0.7262471
0.4003036
0.4757169
0.4376491
0.7096547
0.4566886
0.6022155
0.6883471
0.2306811
0.6310907
0.6000738
0.6206123
0.4782238
0.1323362
0.5037364
0.3283949
0.47858
0.6914346
0.7461652
0.5993733
0.8816319
0.4587346
0.8357794
0.3745673
0.4461573
0.6039333
0.5773093
0.4262382
0.1594243
0.6537055
0.7385018
0.3163949
0.3056629
0.3250124
0.3565628
0.3434103
0.5820921
0.3353825
0.2841483
0.4758517
0.3586469
0.5914575
0.5977048
0.2429933
0.4489309
0.293318
0.501822
0.5581227
0.4717389
0.4476433
0.5015234
0.5695382
0.5691793
0.4181487
0.5441901
0.3159237
0.2304042
0.6596547
0.3329291
0.4081852
0.5750625
0.7080771
0.2357493
0.6984844
0.3525516
0.5994222
0.5371196
0.4304099
0.880066
0.1567942
0.6550001
0.614543
0.3364599
0.438554
0.6111158
0.45074
0.2067413
0.6929165
0.470105
0.6645266
0.3047541
0.4818899
0.4354191
0.5758969
0.2256544
0.2176777
0.7026332
0.5009238
0.5488506
0.682162
0.2728035
0.3823184
0.1972853
0.3830597
0.5634442
0.5813615
0.5600797
0.3724937
0.8883325
0.3751869
0.5740677
0.5535463
0.3426747
0.6043239
0.4099624
0.3952133
0.2790868
0.693525
0.3933418
0.806721
0.4347139
0.4452218
0.5593535
0.4569484
0.7057441
0.4610094
0.8397284
0.2442598
0.58893
0.4512662
0.212524
0.5395531
0.6667605
0.4889936
0.4137715
0.7105593
0.3956624
0.2242544
0.7508856
0.4508039
0.6140004
0.5568443
0.4451378
0.6770778
0.947102
0.5052262
0.4508565
0.687086
0.5689238
0.3857783
0.4900809
0.4022011
0.2351467
0.7972628
0.291648
0.5687832
0.1760308
0.3231029
0.8340921
0.4627096
0.4823537
0.4452766
0.7720104
0.4030302
0.6844002
0.2048683
0.3673781
0.404447
0.3479158
0.510529
0.1356832
0.4117562
0.7413753
0.319127
0.509564
0.3121165
0.4158312
0.626106
0.8018328
0.2595279
0.7064068
0.5002324
0.3763644
0.4558267
0.7677606
0.5452249
0.4731337
0.3575363
0.5608811
0.7040077
0.3743257
0.05190958
0.2960601
0.5044543
0.3111401
0.667834
0.4377626
0.4317736
0.504487
0.5068125
0.3171194
0.6396843
0.3313121
0.5013755
0.6468663
0.233835
0.8864959
0.7105503
0.6173757
0.519487
0.4440803
0.3048087
0.4850155
0.6283676
0.5231753
0.4366201
0.2112425
0.4767514
0.3375924
0.3840056
0.6303185
0.3286279
0.4802428
0.6302796
0.5537739
0.4812011
0.6111491
0.3980721
0.3758146
0.03429399
0.8424532
0.1162635
0.5266963
0.5599077
0.5210595
0.8222494
0.3849045
0.8331079
0.5361821
0.8168501
0.7143409
0.5092575
0.3608438
0.201272
0.5672012
0.4039349
0.4929896
0.4767741
0.5586409
0.4726382
0.9286756
0.6645768
0.7501505
0.4189714
0.4903816
0.4377764
0.7388747
0.1221248
0.4608061
0.7371475
0.7492897
0.6678116
0.6791101
0.4675217
0.4285532
0.1226199
0.6201087
0.4675825
0.5663381
0.6461777
0.636414
0.5600113
0.688464
0.0909287
0.5551514
0.6350913
0.5866596
0.7265181
0.4202149
0.5738572
0.5578188
0.4858273
0.3606251
0.594756
0.6093496
0.8606636
0.5578437
0.3021693
0.5330256
0.7670531
0.6101185
0.3973514
0.6570673
0.2889224
0.6288297
0.5326029
0.2923412
0.871679
0.5032227
0.7747424
0.573558
0.1752226
0.452879
0.2980428
0.5068832
0.5969384
0.36687
0.5630672
0.6905294
0.4956968
0.5627238
0.4781945
0.4810305
0.5392842
0.5608518
0.1867969
0.2772679
0.206736
0.4722483
0.4370792
0.4966568
0.5988794
0.3623249
0.3881925
0.8510008
0.4568164
0.3055438
0.5795666
0.6605681
0.1812276
0.5261886
0.8857614
0.6024054
0.7442303
0.698274
0.4719456
0.4712326
0.7304688
0.5054378
0.2355688
0.5337644
0.2562636
0.3672938
0.6346995
0.4125525
0.7463566
0.4765678
0.2098546
0.6231437
0.6977482
0.3602092
0.6435732
0.5379549
0.6967761
0.6702542
0.7277336
0.5356662
0.2103685
0.4292624
0.2928678
0.2353063
0.5392643
0.6321392
0.5176207
0.4371629
0.8229865
0.2953454
0.5274766
0.6187683
0.2803186
0.4340716
0.7132875
0.4820221
0.7079815
0.55385
0.7260526
0.8968691
0.6225383
0.5390453
0.3827536
0.4239233
0.7680257
0.490106
0.4760671
0.1426347
0.1016556
0.5569968
0.2793727
0.4671905
0.477931
0.4541167
0.5599149
0.6276595
0.83444
0.3874491
0.6025454
0.4214866
0.572373
0.2797396
0.282079
0.5361488
0.4761493
0.4507548
0.4433843
0.6893452
0.667776
0.4934255
0.2248127
0.4655051
0.3114017
0.4965604
0.4751369
0.2459134
0.7357939
0.3543943
0.6146805
0.4221729
0.2613009
0.2359953
0.6608492
0.4919228
0.2676949
0.7440031
0.6318357
0.331265
0.2543198
0.5428393
0.1605523
0.648993
0.4409248
0.6097142
0.2951012
0.3316229
0.7436614
0.4193452
0.3228118
0.782471
0.5704426
0.5933145
0.3418759
0.5104633
0.2737068
0.7981779
0.7673616
0.7281325
0.2801835
0.7429561
0.2946336
0.3534595
0.5080395
0.378689
0.2504575
0.4686453
0.3338068
0.7230157
0.3616122
0.4071003
0.3917497
0.7547315
0.6200058
0.3584087
0.562705
0.2417721
0.5715421
0.6982021
0.5783852
0.3690696
0.6852424
0.356564
0.5500527
0.5479177
0.1721373
0.4355615
0.5399786
0.5459701
0.374697
0.7376248
0.5414007
0.4320519
0.74736
0.4478961
0.5102693
0.7371387
0.5265727
0.4595246
0.5691077
0.3202533
0.5394498
0.1270682
0.1917509
0.6975454
0.6256019
0.6388937
0.5477464
0.7068548
0.4971493
0.5497052
0.6106567
0.5216022
0.4209504
0.6026793
0.5159795
0.4233556
0.5725483
0.2533655
0.552152
0.454342
0.4315166
0.5120821
0.5218501
0.4945166
0.4248995
0.715626
0.4050772
0.4884085
0.5895395
0.7119133
0.2726238
0.3302423
0.3515434
0.4993641
0.5764449
0.4678915
0.558392
0.4398049
0.2069795
0.3748426
0.4593956
0.719345
0.4237654
0.4464852
0.4881436
0.2873651
0.6285456
0.3787444
0.165403
0.1573807
0.6105278
0.4361127
0.3640643
0.4479195
0.7258811
0.6594446
0.2146601
0.6921434
0.8663296
0.6588134
0.3160738
0.4399559
0.5043695
0.3493332
0.4686901
0.6001415
0.5851889
0.6478876
0.8131765
0.3365276
0.712756
0.5400162
0.6632725
0.8419408
0.55785
0.4312549
0.50506
0.3422591
0.8351392
0.743264
0.5344665
0.323149
0.7233512
0.283389
0.236094
0.4575478
0.2889385
0.6117601
0.7683827
0.2908368
0.2834431
0.6201926
0.6267742
0.9482587
0.7948871
0.292394
0.456513
0.3946946
0.2852986
0.4045793
0.2607658
0.470264
0.4947165
0.6229407
0.7211758
0.4005187
0.9432508
0.8649952
0.390841
0.7381169
0.5670452
0.6837161
0.1624298
0.5521231
0.8518083
0.2427873
0.6290489
0.303766
0.5122391
0.3965643
0.2759317
0.8512278
0.5522847
0.5772048
0.6063214
0.3639687
0.4948091
0.4236334
0.6445178
0.2119544
0.6367466
0.2751068
0.530959
0.1022457
0.8147978
0.6064368
0.5106342
0.4729268
0.6699891
0.7032118
0.3566777
0.6505465
0.4364133
0.4861335
0.5588768
0.6077494
0.3595144
0.6003414
0.4681907
0.4886376
0.2496054
0.7928503
0.3192322
0.3893408
0.8434122
0.4667948
0.4416893
0.3344602
0.2307662
0.776063
0.3715546
0.5114039
0.8162497
0.649279
0.4945224
0.6833694
0.8494605
0.5037688
0.5944874
0.2561459
0.3296875
0.4362367
0.4129015
0.6683651
0.5689799
0.5465578
0.4885598
0.6089841
0.3361741
0.1707565
0.2508461
0.4567746
0.4384186
0.6700322
0.03892193
0.7018957
0.4962913
0.5539922
0.8067681
0.4956897
0.5183522
0.5749322
0.5108104
0.6193299
0.3604606
0.4149054
0.5241736
0.3982415
0.7776668
0.5314512
0.8688277
0.2039401
0.4348988
0.4286482
0.9416051
0.2328754
0.2888713
0.4392131
0.8529076
0.2737599
0.6882883
0.4744371
0.3581789
0.6955059
0.4674442
0.4401498
0.2201048
0.310939
0.1731387
0.6434027
0.4379935
0.213057
0.5219822
0.5852424
0.2637113
0.8612695
0.4559666
0.8220757
0.6115685
0.6975569
0.6468932
0.596014
0.4323974
0.6030477
0.4850519
0.559987
0.4722832
0.6419597
0.5432276
0.2954184
0.7905129
0.5067006
0.4941178
0.2981102
0.204293
0.4224604
0.5897693
0.2656793
0.5062059
0.9126251
0.5858532
0.5664357
0.7216493
0.4426337
0.3878022
0.6014875
0.7913176
0.7063544
0.4923753
0.6967527
0.2628514
0.3696893
0.5652116
0.2649141
0.5762891
0.6804223
0.6487334
0.3202404
0.4740421
0.5751478
0.7608623
0.5165817
0.5962428
0.5524993
0.6573067
0.231372
0.5567926
0.6351704
0.5030345
0.3089106
0.4406897
0.1880654
0.5876363
0.4134434
0.6636424
0.4269931
0.5152754
0.9541078
0.4523509
0.4737295
0.4739766
0.1793978
0.7501072
0.288956
0.5990615
0.384931
0.4283238
0.05706113
0.6093623
0.4688811
0.4186428
0.7378524
0.4063127
0.2937103
0.4702454
0.7359046
0.5235317
0.328103
0.4420507
0.5316509
0.5609078
0.6275491
0.1704242
0.2095983
0.5634819
0.7257766
0.209123
0.6934314
0.2664784
0.5955514
0.4676648
0.3551116
0.8453704
0.5653203
0.3509444
0.4394584
0.6165757
0.6145276
0.4846506
0.3485285
0.7434457
0.5015298
0.7542777
0.5267592
0.7959978
0.8101173
0.06485516
0.5014551
0.6188105
0.6827662
0.3916186
0.5848112
0.4128459
0.6456741
0.5998095
0.5478638
0.4031137
0.4256752
0.6629979
0.6174346
0.4336374
0.5835816
0.5469248
0.6448252
0.5070272
0.632727
0.5375193
0.2982014
0.4658556
0.4189655
0.2668074
0.3270505
0.4383348
0.8073303
0.5462609
0.5847788
0.4839545
0.5730994
0.5903146
0.6068868
0.7403721
0.4854567
0.8337338
0.6593211
0.4227138
0.6714889
0.3309135
0.6655214
0.8061832
0.9125336
0.4637752
0.608579
0.2196199
0.696252
0.6761447
0.6799391
0.4751573
0.4418838
0.3900557
0.6197619
0.2982829
0.5999676
0.5281082
0.5630686
0.6253409
0.7861248
0.5367943
0.1692204
0.5917606
0.264817
0.4777263
0.7913828
0.5744648
0.3993916
0.5187574
0.4899135
0.6627228
0.6747658
0.5223129
0.3117411
0.3023202
0.4415528
0.3505194
0.4165942
0.1476246
0.4873158
0.7066595
0.3941573
0.5490756
0.4551242
0.8796385
0.4597217
0.3376753
0.416083
0.461175
0.7560554
0.5651912
0.5463832
0.3032463
0.5965826
0.4993773
0.2048899
0.5542216
0.4135316
0.4917122
0.6802672
0.5419103
0.6607806
0.4406422
0.1981677
0.7762903
0.4607952
0.4208289
0.2154617
0.5927005
0.7177068
0.5980813
0.3198717
0.5969323
0.7492178
0.5879773
0.7626458
0.3917905
0.7172219
0.5712629
0.4980524
0.5493622
0.7396815
0.6826853
0.6346945
0.4540955
0.2724689
0.2149365
0.2457504
0.3940617
0.3949539
0.5447847
0.5949537
0.27561
0.5002556
0.3165757
0.5199809
0.5709567
0.4874724
0.6119352
0.5174569
0.4802007
0.5972523
0.3495968
0.6437507
0.5385565
0.6382206
0.3517869
0.09777196
0.4497686
0.4848896
0.4112229
0.1825066
0.435728
0.3197017
0.8179584
0.6050472
0.615368
0.6220137
0.3072925
0.5677006
0.7128992
0.4550117
0.5351324
0.2533458
0.2634875
0.5797222
0.1232481
0.1398527
0.4685707
0.3237809
0.5840134
0.6441519
0.7915896
0.4157146
0.5985388
0.6508676
0.5740782
0.386336
0.5310172
0.4200928
0.6152576
0.4814147
0.3478624
0.4961825
0.3496063
0.3037509
0.8341862
0.1870034
0.5642108
0.807278
0.4674166
0.4032526
0.8575299
0.6823665
0.6435446
0.6584606
0.4600624
0.6023215
0.5269995
0.5943198
0.6819649
0.7237989
0.3503864
0.6391057
0.4069785
0.633776
0.3377
0.7474896
0.6642818
0.5687018
0.6312488
0.4056606
0.4893131
0.623937
0.2983743
0.5742914
0.5975182
0.5547367
0.4080827
0.4292674
0.7789365
0.5112846
0.598701
0.6804293
0.6253718
0.5568293
0.2911167
0.4113868
0.7313205
0.7007649
0.5707442
0.5464758
0.06892793
0.3707149
0.1348239
0.7013301
0.2686307
0.4736498
0.1088413
0.5942202
0.6556082
0.6168073
0.9193782
0.6204976
0.5188551
0.2846072
0.547386
0.2248199
0.2962539
0.2003895
0.5774123
0.4239865
0.6731754
0.3914653
0.6110693
0.5316299
0.3091658
0.3143841
0.4955271
0.3765397
0.5444625
0.4373321
0.519392
0.536605
0.331061
0.4156837
0.5969322
0.3337415
0.4072242
0.2476262
0.1114538
0.4952992
0.6472083
0.5632187
0.5082285
0.7426317
0.193237
0.6799083
0.2585728
0.3707879
0.6761972
0.5525199
0.3643608
0.7002371
0.6268469
0.5464334
0.7527443
0.1681288
0.6019995
0.6553573
0.5369262
0.279061
0.7807181
0.5695629
0.2551849
0.4437496
0.4201452
0.659726
0.2290502
0.3408339
0.2869339
0.8700647
0.4423238
0.8344976
0.3457543
0.4731271
0.1699512
0.3418251
0.2086565
0.3720428
0.6960265
0.513643
0.5789003
0.7458999
0.5570991
0.710641
0.3754007
0.5009745
0.5579219
0.6459555
0.6310555
0.4191
0.5759799
0.8324782
0.5504283
0.388454
0.5147587
0.5864648
0.4861176
0.4902526
0.232375
0.8430406
0.7664184
0.3574324
0.3216473
0.1406253
0.6744976
0.5528371
0.759116
0.8216132
0.4128607
0.4533377
0.7957544
0.3811063
0.1121245
0.7245753
0.5131601
0.449828
0.1882127
0.7559982
0.4047294
0.6060118
0.2211453
0.3303688
0.2040845
0.5496777
0.7034913
0.5487829
0.3501149
0.5284076
0.4731178
0.3949274
0.4652278
0.3836882
0.3646727
0.3759326
0.5626026
0.462842
0.4231064
0.3118233
0.5494889
0.5819568
0.4443474
0.4759495
0.7854941
0.3068059
0.4617061
0.7459827
0.7097587
0.6383753
0.5861447
0.5077682
0.4917582
0.2100686
0.6321497
0.4527623
0.4474563
0.5981162
0.8646797
0.5165567
0.714717
0.6410592
0.612401
0.4297996
0.2265435
0.7684899
0.4981754
0.1543439
0.8719042
0.5776174
0.7464642
0.3938389
0.5327498
0.48903
0.6084242
0.5040425
0.6683712
0.5939078
0.5043969
0.6289708
0.3722995
0.4825242
0.4528567
0.5282835
0.3814291
0.5362798
0.5164807
0.8148715
0.3362015
0.513217
0.1474296
0.3545486
0.1674245
0.485551
0.4866388
0.8137536
0.5832202
0.3861849
0.4596356
0.4390444
0.2550488
0.3801981
0.6552551
0.2603335
0.5691395
0.7538196
0.5258458
0.5359958
0.2362882
0.557041
0.5719245
0.2951004
0.7132156
0.3181889
0.5926986
0.5484808
0.3656921
0.5891981
0.6245963
0.2855903
0.7431921
0.7165736
0.5653621
0.4091014
0.3437274
0.6054791
0.5031474
0.8110899
0.5622999
0.5660373
0.547115
0.5597753
0.533088
0.5235507
0.6773416
0.7735879
0.4387555
0.6478469
0.3572188
0.7072693
0.5975008
0.2761423
0.4632605
0.4273341
0.6439143
0.3363008
0.4782117
0.5933961
0.690613
0.3385431
0.7593807
0.7260752
0.8572404
0.3042606
0.2095663
0.6192432
0.2806657
0.4352055
0.3504307
0.2452872
0.6314769
0.6670117
0.4995377
0.5942093
0.5506939
0.5866989
0.5510819
0.6759882
0.6036296
0.4895067
0.4617884
0.2324305
0.474325
0.6320268
0.478988
0.2955908
0.4352052
0.6674905
0.7688842
0.3277023
0.2596039
0.6051182
0.4366766
0.2048962
0.2222843
0.1004409
0.3577536
0.68163
0.1605013
0.5542173
0.4234523
0.582707
0.3856704
0.6694925
0.7827884
0.3338085
0.2097534
0.1326546
0.5230021
0.6506339
0.6879997
0.5915996
0.5030085
0.5333274
0.4937553
0.2982744
0.8299941
0.3562938
0.5351305
0.4557299
0.570337
0.2086879
0.7464239
0.7704279
0.3923684
0.6759493
0.3910654
0.2650229
0.1960992
0.4313657
0.3127062
0.5598756
0.5378446
0.813402
0.5742552
0.7818492
0.4331793
0.8144257
0.6776082
0.3484659
0.8166227
0.3147001
0.4449075
0.688904
0.7069811
0.2429364
0.2449341
0.2226877
0.8190652
0.9216945
0.8735182
0.06323113
0.687851
0.469496
0.6819211
0.4908701
0.5653387
0.7130105
0.3265128
0.6887689
0.4188932
0.4783355
0.4909126
0.4166032
0.7650384
0.5215012
0.6353552
0.4658143
0.7128186
0.2873259
0.6528415
0.353194
0.3988148
0.6239133
0.4520988
0.6874671
0.3014819
0.6351441
0.5079856
0.4473039
0.7409685
0.3756913
0.4786875
0.3081531
0.6752563
0.7066052
0.6289153
0.525566
0.3254264
0.4595584
0.2131406
0.3021207
0.6243331
0.4414727
0.9003855
0.554591
0.4522918
0.420592
0.5575857
0.5078846
0.646142
0.7274094
0.3923401
0.4718959
0.6167821
0.1006952
0.3042693
0.3755738
0.6738682
0.34156
0.5106229
0.3135843
0.4744575
0.4199967
0.7149031
0.5135696
0.7021732
0.4011538
0.2590184
0.2523659
0.8198257
0.278567
0.1866091
0.4734114
0.7543227
0.4871284
0.5365523
0.7446552
0.6105044
0.3328689
0.6093573
0.5583491
0.3529403
0.5306878
0.2686078
0.6516013
0.6621816
0.252785
0.6085917
0.3386206
0.4187403
0.6664355
0.413636
0.4622599
0.1643046
0.4842263
0.2498436
0.6008431
0.6322168
0.4837029
0.6098455
0.5009493
0.5109285
0.6567254
0.7811185
0.4508202
0.4268256
0.5514955
0.7769458
0.707235
0.2807267
0.6490514
0.3651569
0.7724848
0.1903598
0.4089475
0.58646
0.6068813
0.4757036
0.237778
0.1975325
0.7719593
0.4401598
0.3512327
0.416627
0.2716289
0.5773674
0.5175929
0.6833822
0.5783698
0.2966272
0.4255224
0.4013141
0.4370848
0.5974139
0.7577921
0.4597548
0.4176104
0.6559164
0.757214
0.6334596
0.8105046
0.5000926
0.6292112
0.4995647
0.6667864
0.1798081
0.3883527
0.632026
0.3614869
0.4705137
0.1752841
0.5547753
0.5154927
0.7616454
0.5190493
0.3303543
0.8097876
0.6683725
0.5093286
0.3712628
0.7822341
0.55297
0.4493975
0.7073317
0.2126907
0.497017
0.6465827
0.2315834
0.520407
0.3312919
0.4130737
0.547545
0.4885027
0.3669909
0.5237079
0.4469731
0.3053934
0.5896213
0.9179872
0.470281
0.7172603
0.8071222
0.3494832
0.3032766
0.4433271
0.4322667
0.566408
0.3056302
0.5083446
0.8426174
0.5406191
0.6273512
0.2469188
0.367403
0.1867238
0.5257202
0.4171063
0.3828227
0.5654737
0.404012
0.3818191
0.4906694
0.542357
0.3086141
0.7102491
0.5044418
0.7241986
0.4328387
0.5870977
0.3035139
0.6249976
0.09516147
0.6186897
0.8113652
0.5600218
0.5879675
0.452872
0.3825943
0.5851733
0.7491201
0.5668707
0.4602063
0.2591563
0.2969368
0.3537339
0.5807775
0.4172811
0.4825844
0.7553089
0.6468972
0.3138057
0.4413888
0.2330414
0.8077063
0.4174157
0.4519664
0.6140278
0.8318654
0.5418714
0.3955448
0.4202287
0.5453985
0.5148561
0.7491934
0.455131
0.6661579
0.3368648
0.5626764
0.6608668
0.3283581
0.3926049
0.5790984
0.4589759
0.2982177
0.2366868
0.8526453
0.8207454
0.5258931
0.8111206
0.3811573
0.582684
0.4426838
0.3581399
0.2742415
0.6636073
0.1739418
0.7233425
0.8995422
0.6529357
0.6320861
0.4258201
0.6051535
0.7779009
0.1167463
0.5037763
0.586222
0.171356
0.6887819
0.1854448
0.287368
0.1040707
0.6033274
0.638376
0.4670534
0.4024696
0.2448768
0.4966323
0.7708434
0.5138254
0.7973023
0.6219307
0.2986972
0.3023154
0.2677219
0.64649
0.6193349
0.8863676
0.4791633
0.596809
0.3593676
0.5120787
0.4167122
0.3691512
0.4191966
0.2970538
0.4458721
0.8193778
0.4074847
0.6740352
0.3712649
0.6347098
0.612559
0.4036374
0.2762594
0.6281993
0.7309216
0.8606892
0.6096093
0.5304774
0.4207284
0.550028
0.7180923
0.4691711
0.4689946
0.6288972
0.5160477
0.7057267
0.3344291
0.1813314
0.7164299
0.3594805
0.2955149
0.7390632
0.2842948
0.4806895
0.4257775
0.639922
0.1231926
0.4013508
0.303751
0.3557266
0.5495769
0.4195323
0.4760274
0.613635
0.4104492
0.5981982
0.6685743
0.5989706
0.6219961
0.5141359
0.788503
0.2573981
0.5736083
0.8946199
0.5184372
0.5107368
0.5609693
0.6709861
0.7264572
0.3065835
0.5893304
0.3698141
0.5945462
0.6853572
0.2941642
0.6349861
0.6366554
0.6498733
0.4109915
0.3774338
0.5937237
0.4777978
0.5302575
0.463317
0.7406836
0.5855793
0.3702936
0.6850932
0.4002149
0.6238532
0.3509373
0.694629
0.6310847
0.5730283
0.3863326
0.3978193
0.3368601
0.5956963
0.7603921
0.3054859
0.6629125
0.27341
0.3390943
0.5703776
0.4915329
0.5876916
0.5204097
0.5264451
0.4231751
0.6054404
0.7097043
0.1323909
0.6779216
0.644749
0.3483345
0.6378719
0.5146926
0.5693569
0.38998
0.1868569
0.5450444
0.6688981
0.4711011
0.7616256
0.4270301
0.4896016
0.5969091
0.4993875
0.4025571
0.7713815
0.6909425
0.4658405
0.2137027
0.5824088
0.2114991
0.6581897
0.5155445
0.8830985
0.6280762
0.366423
0.5400205
0.5570875
0.7336173
0.1593966
0.6178611
0.6139823
0.5020832
0.6076897
0.5559147
0.6634636
0.4257449
0.2857183
0.8803283
0.6015254
0.5344148
0.8490887
0.2200084
0.6396117
0.4895656
0.1935104
0.7992607
0.3164546
0.3605052
0.4520276
0.09755304
0.6507516
0.7462625
0.4115704
0.4820639
0.3610814
0.2479603
0.5111572
0.818192
0.3328072
0.3992924
0.3166443
0.2534619
0.6840002
0.4768879
0.5144529
0.1400894
0.7290452
0.3469113
0.2657441
0.7110028
0.5797291
0.3975253
0.420359
0.5236453
0.6333044
0.4255346
0.7195841
0.4157775
0.848716
0.4100846
0.4577285
0.4980245
0.5619022
0.3832733
0.5268622
0.52798
0.4124351
0.6484807
0.5259462
0.7352997
0.6199107
0.3982358
0.4983912
0.4767992
0.4016905
0.5002126
0.6490979
0.6714466
0.8866282
0.3537733
0.6501621
0.5138802
0.5228328
0.5365765
0.4062621
0.5202121
0.6731317
0.3300613
0.2951394
0.4943703
0.4836225
0.7079376
0.7133408
0.4759511
0.6475636
0.6113567
0.6717856
0.6372355
0.59104
0.5382436
0.3371769
0.5492025
0.621573
0.6610744
0.3589132
0.6067962
0.2862222
0.488943
0.3398455
0.4477236
0.5586197
0.2533948
0.2527182
0.7828861
0.6722642
0.6639431
0.6050984
0.1358504
0.3399262
0.6485828
0.5694261
0.5350477
0.4322255
0.4426325
0.4849058
0.3119689
0.6066927
0.5516008
0.2169535
0.5789869
0.7463898
0.5131355
0.2255533
0.449175
0.6161508
0.3775398
0.4625589
0.6722308
0.6786558
0.3469607
0.300746
0.5282778
0.5130749
0.5279518
0.5254088
0.9276886
0.338414
0.1462933
0.05424442
0.590193
0.2676961
0.7698192
0.1750746
0.4426549
0.648136
0.430251
0.3675538
0.4701598
0.5240689
0.6179628
0.5701578
0.4456042
0.6056018
0.7098782
0.7087164
0.8105448
0.7803129
0.2874255
0.3577029
0.2026873
0.665491
0.5423577
0.6850208
0.2862448
0.4253361
0.4677331
0.3266619
0.3196011
0.504886
0.7574197
0.508944
0.6088347
0.3491812
0.5662793
0.2609957
0.4931535
0.1938035
0.8174406
0.4795833
0.8707221
0.7699463
0.5995051
0.4491581
0.2580324
0.4253398
0.316378
0.5369701
0.5263879
0.7789363
0.3425826
0.5461094
0.3188147
0.4215616
0.2978424
0.2611451
0.375116
0.8459312
0.5080219
0.5743871
0.6346489
0.6139563
0.3785337
0.593664
0.1111198
0.3874207
0.2870869
0.4842289
0.4825431
0.3876613
0.5404664
0.5024708
0.7868713
0.4682095
0.5725876
0.5774257
0.2780361
0.3469242
0.731449
0.6040171
0.5192254
0.4999077
0.780583
0.5797296
0.2887845
0.640797
0.4635938
0.2861323
0.5484663
0.6454409
0.1303977
0.3015108
0.5176499
0.491854
0.5931065
0.4284117
0.4489307
0.642615
0.4253587
0.4061495
0.3056736
0.4489856
0.4764073
0.531384
0.4625432
0.3538018
0.3992862
0.2513565
0.5821464
0.3705837
0.3808675
0.5654254
0.6850306
0.5042798
0.1588392
0.6292438
0.4809926
0.4858938
0.3151457
0.7824695
0.7092326
0.7874201
0.8270329
0.2094868
0.3718029
0.5493718
0.4024507
0.4395786
0.2758539
0.8785341
0.4410668
0.7361733
0.3363566
0.7951653
0.8351471
0.2438677
0.6286733
0.5059405
0.5225408
0.3361995
0.3037757
0.4345195
0.4113406
0.4581437
0.4590267
0.4827719
0.6822231
0.6657245
0.6869163
0.2224067
0.5344012
0.6364899
0.5963902
0.1670979
0.5248039
0.6098413
0.7855016
0.7529674
0.664076
0.7800494
0.2949418
0.4682289
0.7477689
0.1672651
0.4283401
0.384974
0.6048056
0.4368928
0.5457919
0.3908756
0.5337412
0.5440078
0.5950073
0.2496907
0.6431419
0.3243322
0.6132744
0.4730071
0.4585122
0.5172073
0.385076
0.8407732
0.2945013
0.7691703
0.5832375
0.8477404
0.3707901
0.4062384
0.5417771
0.3533439
0.2396669
0.5048425
0.4009036
0.5383347
0.2988363
0.4231078
0.4830735
0.5244081
0.4554151
0.212826
0.4739099
0.6786173
0.5619847
0.2289656
0.2952898
0.4999115
0.5077916
0.53938
0.3111829
0.5419075
0.6390182
0.5279418
0.317427
0.2380344
0.5521711
0.5031547
0.4093848
0.6572799
0.5375366
0.6332461
0.60533
0.2948097
0.4250497
0.8854298
0.3270193
0.3523951
0.3110062
0.4887191
0.5323725
0.4574228
0.2935212
0.2258561
0.4085539
0.3966305
0.780086
0.5417483
0.5284833
0.7055486
0.4669171
0.7078575
0.7081335
0.4195994
0.5947092
0.674388
0.8819969
0.4727693
0.8670741
0.4257157
0.3563275
0.3797026
0.6170833
0.3594314
0.09577698
0.7318181
0.139723
0.5818101
0.5599469
0.4205044
0.2401817
0.8406346
0.2668337
0.2402909
0.6928191
0.7996144
0.4546758
0.4184756
0.8922279
0.3257446
0.1738718
0.2947273
0.7423139
0.4706044
0.5033706
0.5093807
0.8028501
0.6353017
0.4110083
0.6535482
0.4186181
0.4201763
0.4426101
0.3572658
0.3641854
0.3861747
0.5604505
0.5741337
0.1261811
0.2180807
0.5177025
0.5659927
0.6186577
0.7120236
0.8578015
0.7162881
0.7688911
0.3158755
0.830091
0.2303056
0.7913563
0.4543382
0.3893941
0.6188017
0.6991049
0.8865112
0.6750313
0.4205442
0.5131346
0.3919677
0.7501689
0.3588575
0.3240568
0.6723378
0.1228628
0.3544298
0.301035
0.4856136
0.08550442
0.6381698
0.3488246
0.5419665
0.3951182
0.8897036
0.3971659
0.8133259
0.4984734
0.3632217
0.7156878
0.5241146
0.1043153
0.2189018
0.8452961
0.7814133
0.6094597
0.1503325
0.1863995
0.6544955
0.8337796
0.3623014
0.5188414
0.4051631
0.3872999
0.7315058
0.5776662
0.7503433
0.1070185
0.5867038
0.2421613
0.2026681
0.2089529
0.562103
0.5794544
0.6750194
0.5624408
0.4491936
0.2661587
0.2383239
0.1755095
0.4312139
0.673133
0.5894925
0.6169455
0.5353735
0.8474639
0.5441339
0.4771591
0.4593505
0.5484339
0.06847906
0.5065858
0.176481
0.3438993
0.1674654
0.7149672
0.5353687
0.403125
0.4674864
0.1385954
0.5666203
0.7848916
0.3308388
0.5261761
0.4080959
0.517441
0.5528248
0.3947127
0.4130485
0.5279856
0.63122
0.6104814
0.6781107
0.5096284
0.4421711
0.1887256
0.4000219
0.3419448
0.7202622
0.5752865
0.3560047
0.432924
0.1424677
0.8637243
0.55102
0.6576073
0.4689622
0.7752805
0.3809984
0.6851521
0.3416935
0.6058648
0.4863463
0.5756878
0.4454994
0.6085032
0.5792718
0.3239916
0.3248431
0.1543098
0.4067669
0.672448
0.3503012
0.2326119
0.5822777
0.7494177
0.6271628
0.6812643
0.3455968
0.6705117
0.489973
0.5926647
0.6654717
0.2967186
0.8123593
0.3641177
0.598911
0.5055365
0.6537955
0.4483454
0.1003985
0.8178647
0.6619611
0.5058472
0.5752322
0.8265785
0.5185728
0.8193568
0.6631602
0.5678816
0.6189023
0.3849395
0.3240494
0.7212977
0.8016264
0.5571369
0.3586082
0.4315344
0.4286696
0.7457055
0.6508016
0.2377923
0.4019266
0.4840436
0.4789592
0.2082202
0.6473427
0.5944205
0.5651559
0.7688371
0.5297083
0.4594336
0.5732431
0.7320685
0.6552835
0.1543314
0.4534633
0.2009524
0.4912127
0.7294611
0.7763283
0.3665333
0.4634882
0.2937467
0.4057176
0.5103009
0.7371373
0.138435
0.5347263
0.3481342
0.4059639
0.6974778
0.2902794
0.4502417
0.6321205
0.07555552
0.4563731
0.780518
0.2910412
0.7111914
0.4637539
0.635631
0.2427301
0.2673977
0.8094856
0.7188493
0.5416377
0.4412547
0.5041855
0.433935
0.3444426
0.6252914
0.356799
0.6002491
0.2735793
0.451293
0.5813033
0.6455099
0.2063872
0.6000336
0.4242043
0.5203414
0.3315688
0.7926369
0.7102504
0.6457634
0.3923332
0.5349336
0.6169697
0.5531047
0.3770411
0.6149134
0.5115069
0.4449792
0.5238385
0.4917842
0.6979851
0.5330614
0.6441763
0.6650331
0.3000086
0.4273021
0.3726305
0.6214709
0.5870455
0.6074478
0.6667172
0.5429974
0.6567604
0.3174867
0.6643936
0.5798697
0.4292988
0.6231161
0.3320805
0.174469
0.7361432
0.2208574
0.1169518
0.7611255
0.4633143
0.7374953
0.5841621
0.6033058
0.4205457
0.5457007
0.4306762
0.6147348
0.425053
0.4710539
0.5448562
0.4904651
0.5302782
0.1716578
0.7413684
0.5121322
0.810742
0.8592964
0.2667575
0.4979366
0.2819439
0.5579637
0.6074334
0.6238862
0.5177946
0.1669613
0.4819391
0.4503868
0.6711169
0.3247103
0.3409404
0.4217944
0.6122246
0.5326515
0.8201628
0.6305954
0.6385112
0.4331819
0.3945511
0.3353596
0.6451219
0.5836423
0.4808419
0.8519454
0.7018906
0.7997741
0.7449761
0.3534113
0.3322464
0.4091003
0.3921363
0.4618466
0.3999729
0.4973878
0.4495811
0.2219076
0.5793981
0.3768255
0.8883174
0.5320366
0.3722571
0.2827929
0.4711376
0.5511749
0.4433636
0.2667383
0.06020403
0.2976568
0.6066076
0.5471829
0.5707522
0.5258734
0.5856553
0.4604857
0.2954048
0.4559459
0.3448091
0.4674882
0.1199375
0.3795737
0.4208204
0.9048694
0.7374183
0.6168088
0.5049563
0.3208098
0.6793289
0.5259436
0.2244657
0.544555
0.165295
0.6784142
0.378732
0.3834266
0.2074786
0.5596998
0.3745985
0.7405796
0.5939996
0.172762
0.579842
0.7283979
0.7224691
0.2269684
0.6112523
0.8368908
0.5534693
0.6361918
0.7178617
0.2601714
0.3952993
0.7061673
0.2260477
0.3893457
0.6883346
0.239976
0.2952857
0.7708556
0.4665445
0.5520919
0.6977686
0.454033
0.8526936
0.1715817
0.4088694
0.323414
0.2045481
0.5717402
0.6227441
0.3615733
0.3102815
0.6406785
0.551679
0.4550367
0.5939278
0.1722253
0.4913768
0.4665143
0.588656
0.5663605
0.3173151
0.5727532
0.660837
0.6741211
0.4493122
0.4853044
0.3245882
0.5944469
0.2368094
0.7694017
0.7278019
0.06131511
0.5327211
0.614333
0.3720198
0.09977677
0.2863265
0.3807455
0.4798615
0.6596033
0.1788427
0.4693212
0.7474663
0.2945249
0.5667068
0.4124927
0.1500976
0.2691072
0.3086592
0.6025441
0.3931833
0.2626968
0.3244026
0.5185458
0.428121
0.2442945
0.3702152
0.3853123
0.6866015
0.8881518
0.686736
0.2770454
0.3218383
0.5027894
0.4985873
0.2505079
0.7745442
0.4842296
0.4707212
0.5028214
0.5004596
0.6620347
0.6180578
0.4312623
0.4500476
0.6580577
0.6564229
0.6656264
0.4483491
0.523287
0.4575012
0.3063194
0.4349119
0.5644596
0.4635329
0.8431758
0.7136018
0.2959898
0.7338966
0.7523465
0.5178356
0.5793219
0.5636374
0.3343101
0.2354524
0.4742434
0.6928685
0.700604
0.6670103
0.8877855
0.7852429
0.1422789
0.6327607
0.8309348
0.6619999
0.4184208
0.5630786
0.237859
0.6268689
0.3293847
0.7460995
0.515361
0.4107023
0.7769242
0.7361722
0.3603769
0.7212308
0.5555833
0.3276014
0.576503
0.5102396
0.107692
0.7108819
0.4916744
0.3771173
0.6019688
0.4289058
0.8470486
0.6795376
0.9187978
0.6778976
0.3305611
0.3401305
0.4767425
0.6210582
0.2876145
0.6413001
0.8090492
0.3210585
0.3204602
0.5827872
0.4186344
0.7549874
0.4888545
0.2691294
0.6454745
0.4117995
0.4939461
0.5021976
0.5630333
0.4898246
0.4210587
0.683169
0.6674766
0.5417104
0.1651929
0.1239059
0.3430651
0.346294
0.3110651
0.5048441
0.3620806
0.3746206
0.7558093
0.2419747
0.7607721
0.392969
0.2418592
0.8382457
0.3315374
0.3592487
0.2937615
0.7692501
0.6331044
0.4014099
0.314167
0.6253566
0.2287038
0.1147974
0.691774
0.5690472
0.310574
0.4232548
0.6763617
0.4157159
0.8529157
0.8499455
0.3529828
0.5157337
0.394366
0.8725673
0.4582683
0.3477938
0.8127781
0.2049518
0.4039109
0.5827738
0.6661637
0.6563566
0.6090433
0.5500377
0.2610877
0.3301869
0.4892439
0.8059584
0.4605046
0.3607005
0.4812771
0.3273004
0.5110705
0.4641059
0.2757123
0.4274548
0.4401874
0.6263006
0.4587018
0.4166803
0.3933235
0.5950187
0.1225193
0.7213346
0.3640729
0.5503784
0.2083115
0.4863671
0.590549
0.2134362
0.7779767
0.8209752
0.5565299
0.4734586
0.430016
0.4249736
0.3366402
0.623905
0.4928109
0.4989822
0.5773865
0.7468176
0.7744667
0.3358358
0.4443998
0.692598
0.6839133
0.4736283
0.4421357
0.8581159
0.8312511
0.6653028
0.5329146
0.5109681
0.3631733
0.6806683
0.7385333
0.6967348
0.4295608
0.5169916
0.24608
0.4202743
0.740561
0.5613264
0.4165701
0.4746582
0.4329784
0.6259909
0.8263061
0.5769413
0.4995043
0.3680346
0.5225397
0.2704411
0.6720697
0.3380781
0.835012
0.339928
0.4534872
0.7324815
0.1905296
0.6890334
0.4848829
0.5351694
0.6896355
0.4007378
0.7249101
0.2811658
0.2514557
0.3280554
0.2660749
0.3215664
0.5148596
0.6476044
0.4252207
0.6996148
0.664136
0.2913413
0.6751344
0.0458673
0.3654016
0.6933048
0.3353551
0.7526695
0.3791462
0.7449466
0.5847925
0.361661
0.6681258
0.4722691
0.6322867
0.745448
0.2767524
0.7545392
0.4472615
0.3898989
0.6311673
0.4006804
0.3058347
0.4337395
0.2770993
0.3623445
0.3135477
0.6939123
0.871773
0.367162
0.7553766
0.337578
0.511923
0.4636501
0.5811064
0.417331
0.5996412
0.7176272
0.2150626
0.6032129
0.6486128
0.5389212
0.4399286
0.2343281
0.3722279
0.2521386
0.6403379
0.3405294
0.4919982
0.3954456
0.5150257
0.5856442
0.5484984
0.5576849
0.5945539
0.7360783
0.6213593
0.5453189
0.614533
0.2936037
0.5565031
0.5942452
0.2222196
0.3070764
0.523412
0.4769106
0.4099628
0.6183272
0.4471959
0.4272066
0.7369051
0.5376251
0.6230658
0.3620416
0.2074599
0.1152071
0.5700522
0.6511715
0.5394354
0.6299682
0.4770452
0.3026069
0.8760088
0.453588
0.1137553
0.4795387
0.1670163
0.3525867
0.5120555
0.6249558
0.1628969
0.3949415
0.5220449
0.9439641
0.3272137
0.5543557
0.4640409
0.455578
0.4492414
0.3584476
0.5549566
0.4066557
0.4272622
0.3350507
0.3834352
0.9068125
0.5794281
0.4278128
0.66943
0.4488295
0.666559
0.4665833
0.5902354
0.3692869
0.2334526
0.3434342
0.5516333
0.6480106
0.4245841
0.475088
0.4204697
0.4838173
0.2716364
0.5750316
0.3375758
0.4531867
0.3147476
0.4888301
0.6584743
0.4739284
0.5181777
0.4063004
0.5472423
0.6314184
0.2245266
0.6493168
0.6717045
0.6861369
0.4643648
0.673158
0.4626918
0.5595578
0.1225147
0.4534871
0.669087
0.6117315
0.5559018
0.6514192
0.6167393
0.6674292
0.7176535
0.7750911
0.2071335
0.4555075
0.8784521
0.8487788
0.5030686
0.4297228
0.3205457
0.6097945
0.540021
0.2665427
0.4195463
0.73857
0.7406041
0.5119487
0.3483698
0.5116643
0.374299
0.1840847
0.6595717
0.2703121
0.3797634
0.3499985
0.5366138
0.6492471
0.4182714
0.3934312
0.6941078
0.378425
0.7182737
0.7997905
0.4579002
0.654103
0.7481955
0.6815145
0.2975215
0.5395937
0.8289318
0.1915254
0.7287771
0.6648306
0.5097603
0.2080414
0.4205789
0.6092883
0.4129749
0.3270534
0.748361
0.8865319
0.8041651
0.568505
0.4445905
0.470107
0.2726811
0.8215292
0.1856933
0.2779463
0.6680276
0.6067167
0.5849769
0.356886
0.2593317
0.3144199
0.4112824
0.6254485
0.4544046
0.5675177
0.5722775
0.3054654
0.4220686
0.2647549
0.459446
0.5226999
0.5365509
0.5277326
0.4738013
0.3823206
0.3831113
0.06915698
0.6470439
0.6356732
0.3566791
0.5172029
0.5626711
0.2519582
0.6615651
0.5487954
0.4764365
0.6098306
0.8071024
0.49903
0.368357
0.5897002
0.1118574
0.497271
0.1895104
0.9289213
0.4060853
0.5363251
0.2306772
0.5121901
0.4831581
0.5410183
0.8873633
0.4703303
0.5415603
0.5545303
0.6793186
0.5019604
0.1210086
0.5697274
0.5707274
0.4862674
0.5491315
0.6320528
0.7092064
0.4352914
0.2552776
0.3580588
0.4068024
0.4977382
0.6628101
0.3528022
0.5954629
0.4528131
0.9088824
0.1967049
0.5977166
0.6342168
0.6443698
0.6333117
0.5770083
0.5879451
0.6044291
0.5564834
0.4375644
0.1864901
0.5355628
0.4765143
0.4734947
0.2202653
0.7030212
0.2808839
0.6678163
0.3630319
0.5746951
0.5810116
0.5594079
0.4111122
0.5590466
0.3050645
0.2982144
0.4027259
0.6292095
0.6191047
0.7033079
0.4116139
0.3162644
0.7372222
0.3262777
0.3102272
0.5418948
0.6340897
0.363374
0.4599778
0.4501153
0.7210025
0.5619524
0.6425308
0.6614172
0.8275153
0.5138068
0.5213099
0.05256588
0.6038141
0.1510281
0.5108889
0.496317
0.495928
0.270584
0.8195722
0.4708808
0.7234788
0.8170398
0.4223249
0.4184519
0.5415848
0.1067309
0.6762388
0.4824285
0.9803291
0.5563943
0.6076889
0.7020555
0.3247718
0.4805019
0.7041782
0.8552568
0.5467204
0.3757842
0.7268044
0.450743
0.6952815
0.3131975
0.4750782
0.5512929
0.4754383
0.5635105
0.4961312
0.5190463
0.5357738
0.7151996
0.8838571
0.5031066
0.4107812
0.365865
0.467255
0.5819812
0.1155759
0.3842177
0.4140365
0.7384442
0.3824483
0.1962197
0.5813268
0.6069627
0.3674716
0.5837266
0.4621793
0.2528474
0.5392176
0.4359975
0.2717666
0.7916453
0.4191232
0.5568891
0.3867122
0.7480686
0.7003761
0.8526055
0.38802
0.5751359
0.7133327
0.2968752
0.3425645
0.4055757
0.2271816
0.712563
0.4355775
0.5821649
0.6258664
0.5620362
0.4126369
0.8861957
0.5215455
0.2216725
0.6077331
0.2979062
0.7485967
0.2548636
0.4340129
0.5091802
0.6595153
0.3506812
0.4223677
0.6487286
0.3326774
0.3794552
0.4408448
0.3375489
0.4259446
0.2240526
0.7514074
0.5493512
0.3355158
0.6708409
0.3334276
0.5596037
0.4756525
0.3834298
0.7645969
0.4763503
0.3793369
0.4830039
0.2081521
0.8118769
0.442386
0.5181485
0.5838723
0.3657952
0.6980337
0.627481
0.2073612
0.5158688
0.5508897
0.5613631
0.4160075
0.4183877
0.602339
0.1984645
0.6094988
0.5072711
0.5303921
0.3567518
0.6190928
0.6216969
0.4666563
0.6670346
0.6670613
0.5812298
0.6685713
0.5882385
0.3716475
0.47907
0.3885299
0.5637523
0.5118143
0.4000598
0.4887872
0.5511699
0.5400409
0.6107521
0.5136029
0.6370878
0.4220075
0.3049252
0.5662755
0.6011879
0.4896907
0.5618629
0.4780054
0.1359185
0.1946953
0.421986
0.122102
0.6881421
0.2729356
0.2352859
0.6690715
0.6576859
0.5503237
0.8580433
0.6841732
0.478669
0.6178914
0.5313407
0.3360033
0.4804397
0.4604272
0.3884181
0.6877589
0.4829947
0.5967902
0.7563415
0.2384403
0.383545
0.3106103
0.6442043
0.3713534
0.7863473
0.3600598
0.7409067
0.4789382
0.5407464
0.8644362
0.6736397
0.6008779
0.6697987
0.6292634
0.3329684
0.2961956
0.4107873
0.4164292
0.3685592
0.7407629
0.3273528
0.3469097
0.4677671
0.5719552
0.4249803
0.6586902
0.7039163
0.4327533
0.3016132
0.5417528
0.8351679
0.5161108
0.3307405
0.2820357
0.2882063
0.645372
0.2901579
0.6024147
0.4821795
0.6774032
0.4003443
0.4159982
0.6084199
0.6548646
0.4524326
0.5102691
0.4843892
0.3674331
0.5896312
0.1961457
0.2706804
0.675738
0.658081
0.3328895
0.5877368
0.4236015
0.4340135
0.4548538
0.3374855
0.4638577
0.3467122
0.7070995
0.2820633
0.3025613
0.6327347
0.7919996
0.6868697
0.452287
0.6710644
0.6660578
0.4147454
0.3855856
0.7917228
0.7142785
0.283246
0.3436933
0.1654042
0.4697702
0.8483601
0.3014618
0.7919912
0.5442816
0.500591
0.4364248
0.506366
0.8081913
0.5167896
0.5518213
0.506308
0.5796724
0.5000035
0.4127614
0.4263806
0.6423908
0.3657812
0.5934182
0.7020386
0.2696911
0.3366521
0.3435814
0.7137378
0.1016752
0.6081404
0.5945694
0.5143684
0.393874
0.3756382
0.2780861
0.801516
0.7425798
0.3523932
0.4842362
0.6426024
0.8448263
0.2376953
0.6040781
0.5611549
0.7295559
0.5855514
0.5436652
0.3987882
0.3427904
0.6082238
0.4594597
0.412326
0.4193942
0.7196584
0.5602387
0.4522126
0.9618448
0.6746425
0.1811955
0.7326617
0.8261311
0.6656239
0.6177999
0.5471134
0.586451
0.4481662
0.4357657
0.8830884
0.6967725
0.4918966
0.7833703
0.2431197
0.3564692
0.6875318
0.5581784
0.1881848
0.4031721
0.4764247
0.4996918
0.5429424
0.7610813
0.2963063
0.5080886
0.3946886
0.5149199
0.5234041
0.5575362
0.5083355
0.402368
0.3724065
0.7616168
0.5056124
0.4114922
0.4743032
0.3766073
0.4880595
0.230393
0.6350069
0.3095269
0.508464
0.3416079
0.2575514
0.6295552
0.2228608
0.5091363
0.7998304
0.8753649
0.5076559
0.2732888
0.4201946
0.4367483
0.5665686
0.8999156
0.5496426
0.2144859
0.2090635
0.2302232
0.2227176
0.6528066
0.3167801
0.4512965
0.6448326
0.4458395
0.4279665
0.5884997
0.4622302
0.7434715
0.7215007
0.6167033
0.5436747
0.5780507
0.4088323
0.6322853
0.653964
0.465254
0.5386737
0.4668195
0.6273042
0.5982804
0.5493018
0.4643774
0.2011782
0.5443858
0.2749786
0.229941
0.215982
0.483299
0.4229206
0.333099
0.7807243
0.6055571
0.4870734
0.52363
0.5717618
0.4836434
0.6516376
0.530076
0.8370517
0.3565103
0.4184178
0.5369352
0.6554222
0.8064078
0.0594249
0.6894855
0.6098806
0.5232929
0.6116766
0.5195905
0.4954038
0.2551135
0.201806
0.6054303
0.1449705
0.8364365
0.7640868
0.2177293
0.4065861
0.5365755
0.3832179
0.4210841
0.5787754
0.4120252
0.856777
0.3543487
0.2974471
0.6996278
0.4176416
0.5228701
0.6850428
0.5196437
0.1548898
0.308297
0.4237381
0.3744599
0.5853481
0.8142442
0.1757625
0.3642701
0.3356656
0.2922449
0.2100259
0.752109
0.2290623
0.4518751
0.7260411
0.4915103
0.6937381
0.3914775
0.6321803
0.4429773
0.4627052
0.6113348
0.4541058
0.7805788
0.1809231
0.6735845
0.1908397
0.646543
0.2874743
0.7278367
0.4365966
0.7926553
0.366281
0.3497939
0.5752347
0.2990601
0.5621381
0.5218051
0.3471086
0.3918352
0.345316
0.4194152
0.4525945
0.6205256
0.5751276
0.2808534
0.6414957
0.3633736
0.5467889
0.8404079
0.2682405
0.9023765
0.5934764
0.3082343
0.6231058
0.2667745
0.4565627
0.4888868
0.613849
0.7773666
0.248644
0.7410873
0.5238703
0.6588131
0.3453314
0.6589483
0.691817
0.4995576
0.5766114
0.4321375
0.6100396
0.496262
0.09960749
0.4105194
0.3026447
0.3929255
0.6624328
0.2329228
0.09911998
0.404379
0.6634349
0.5686323
0.5569399
0.5774083
0.6751251
0.4572296
0.7596267
0.5716553
0.7317039
0.6928025
0.9620948
0.5677445
0.2955905
0.6248829
0.4090522
0.7270821
0.7829874
0.1964501
0.4738267
0.3572291
0.6742636
0.2955907
0.478873
0.6087072
0.2360289
0.5409967
0.5857453
0.4501585
0.3454518
0.2469668
0.2839527
0.8451773
0.3983229
0.237845
0.7553146
0.3052493
0.6898776
0.1402538
0.5261934
0.3156756
0.5298576
0.6685969
0.2607402
0.2664093
0.7837343
0.4496289
0.785523
0.3975458
0.5896475
0.5513838
0.4370534
0.2299591
0.5105147
0.3701841
0.3762138
0.2688513
0.5782829
0.3307477
0.3027242
0.2307245
0.439113
0.4582671
0.7741465
0.3081354
0.5627302
0.1707149
0.5143902
0.4394274
0.7646171
0.4380938
0.4545106
0.2768901
0.4216976
0.638824
0.1045896
0.6091857
0.8451694
0.5688874
0.733592
0.4521337
0.7429634
0.7310248
0.3834653
0.2958362
0.5802508
0.1731787
0.3881742
0.4562607
0.3219696
0.4852926
0.412075
0.6169351
0.5761158
0.4462102
0.3496869
0.6915291
0.7370573
0.4383006
0.5327791
0.4206444
0.5619121
0.1785735
0.4026942
0.6668265
0.4528962
0.5641923
0.6182906
0.2356864
0.7303057
0.4663966
0.7252871
0.3913207
0.3419855
0.3930972
0.7002205
0.1336991
0.5336674
0.4401275
0.2949713
0.3500043
0.8825075
0.4265333
0.4357443
0.3473406
0.3076577
0.5476381
0.5695064
0.8360148
0.2051086
0.4505382
0.1938697
0.6482307
0.7020881
0.5642224
0.5324693
0.4862992
0.7246607
0.7121649
0.4692278
0.1573994
0.6492985
0.547608
0.3301596
0.3213769
0.4426989
0.7109822
0.3373015
0.4684726
0.5568062
0.34778
0.4786114
0.301561
0.6783702
0.5290586
0.2266874
0.1775817
0.5882989
0.5882998
0.2996241
0.5641205
0.8282784
0.4720077
0.5511204
0.5916648
0.3917939
0.610964
0.6544973
0.1567767
0.7226076
0.7996174
0.3512277
0.6401851
0.6797179
0.6217382
0.4871964
0.684776
0.428142
0.2922619
0.54023
0.5192068
0.5053435
0.3605734
0.6860607
0.2845994
0.547881
0.3583882
0.3693796
0.5531289
0.614396
0.5611434
0.3609013
0.5841938
0.5433881
0.6826866
0.5406863
0.4180982
0.6766984
0.3127085
0.4549498
0.682427
0.2068199
0.1789415
0.3880949
0.2521534
0.3036779
0.4410128
0.8171673
0.5580785
0.1494231
0.4445736
0.3089177
0.4776207
0.4330188
0.2996877
0.2147373
0.3523854
0.6111325
0.590814
0.6976308
0.5736012
0.4822649
0.6048044
0.6428297
0.6845285
0.3502731
0.4669972
0.4030557
0.398228
0.5972059
0.5780412
0.4920717
0.5405571
0.4706937
0.4643405
0.1417051
0.6422548
0.8974744
0.2617593
0.6607727
0.5651164
0.8771331
0.5771208
0.5211081
0.3892099
0.38519
0.7274826
0.2854399
0.5371037
0.2917262
0.8421717
0.7331614
0.264345
0.6438895
0.2198211
0.7249523
0.5947231
0.6391367
0.3492796
0.8592745
0.3492663
0.7764223
0.5846226
0.438192
0.5150169
0.5987801
0.6591447
0.4214142
0.6570738
0.6859693
0.6852683
0.3839336
0.8520898
0.4769576
0.4227328
0.2513524
0.4525419
0.7040184
0.7512339
0.4568395
0.3966674
0.6539656
0.686632
0.7123859
0.3666795
0.5180947
0.8226996
0.4025581
0.4334737
0.5881789
0.4508434
0.4630352
0.6785891
0.732111
0.3491913
0.6559991
0.1290689
0.4933076
0.6861601
0.386552
0.6050711
0.2016408
0.8389141
0.8612588
0.1898684
0.294257
0.5050916
0.5701984
0.4008504
0.5177992
0.3695868
0.9049297
0.5233256
0.2844914
0.1109367
0.6925166
0.5462181
0.3855271
0.7245889
0.3009701
0.4223905
0.4871874
0.2738173
0.3361609
0.2427919
0.5571972
0.5907579
0.416282
0.5881568
0.3040544
0.5865972
0.2572506
0.5243394
0.4995946
0.4751389
0.4407618
0.4315324
0.5570053
0.3610423
0.6756556
0.7941601
0.7419199
0.8943666
0.643743
0.4208333
0.6137977
0.8921308
0.6635088
0.4928008
0.4452662
0.2495814
0.3642489
0.3486189
0.9267492
0.5876901
0.4620325
0.583323
0.4006347
0.4322244
0.4034588
0.7348446
0.06771294
0.6313624
0.5797642
0.4292806
0.705351
0.3508803
0.292624
0.4017986
0.4512144
0.2247067
0.3924056
0.2532317
0.4277401
0.7289991
0.3747954
0.3910304
0.3163862
0.152416
0.5376156
0.6281313
0.4514891
0.5989315
0.3289118
0.5262542
0.6409585
0.1738346
0.5279293
0.1604378
0.8123009
0.5528011
0.4407319
0.3037565
0.5843092
0.590236
0.2510397
0.6852551
0.6121582
0.647009
0.4459553
0.4415272
0.5625671
0.7015252
0.5903435
0.5076082
0.6434728
0.5999134
0.55463
0.9015157
0.4342467
0.5519085
0.3290831
0.6708739
0.7721598
0.6573734
0.544871
0.335365
0.7319053
0.2416309
0.4883731
0.3207301
0.4004223
0.4545158
0.6544536
0.3407757
0.3942561
0.6120908
0.3130635
0.5190037
0.6640728
0.3315951
0.2597849
0.5362642
0.7881445
0.4551975
0.4746642
0.5235702
0.5761019
0.5443364
0.5902765
0.8241067
0.6572955
0.1754328
0.3275134
0.7145339
0.6657898
0.4112684
0.4617258
0.4737577
0.5539503
0.6589249
0.6673909
0.4531242
0.5701479
0.4560277
0.4592623
0.7191469
0.5922485
0.1974763
0.4682974
0.4269503
0.5246762
0.2912761
0.5330943
0.446547
0.1442536
0.6706562
0.5734288
0.3983649
0.7083333
0.4697674
0.2247374
0.5401682
0.1277943
0.4711139
0.5159109
0.589907
0.5022188
0.7360825
0.5081524
0.7410998
0.1318795
0.3411085
0.6074856
0.6826644
0.5155104
0.2440267
0.7771052
0.2426192
0.6535146
0.7194905
0.8174641
0.6310239
0.1698287
0.4078239
0.479756
0.5451806
0.5887875
0.5463399
0.7167071
0.4133421
0.4144981
0.3173738
0.5291727
0.3052323
0.4846454
0.8233193
0.4895412
0.1502938
0.5048829
0.2455855
0.4071077
0.30164
0.5528229
0.4987919
0.5971344
0.4634596
0.4884022
0.7427223
0.1194241
0.3812128
0.3760787
0.3054088
0.7275362
0.3861375
0.4256803
0.3586948
0.3941919
0.5494727
0.2829881
0.3388564
0.4265227
0.2514693
0.4517914
0.2154829
0.5039488
0.594809
0.2484932
0.9184935
0.5244142
0.8184192
0.4080756
0.327419
0.4105246
0.5282948
0.6350535
0.5230169
0.7696044
0.412669
0.4554391
0.6227104
0.3940262
0.6084575
0.1461975
0.2698265
0.6135225
0.1924623
0.2783561
0.4499781
0.5492924
0.5415737
0.5469894
0.5848676
0.4360704
0.561818
0.2536083
0.554928
0.3037412
0.7941629
0.2812742
0.4451022
0.6882662
0.03812284
0.4063158
0.4787328
0.5902126
0.3092473
0.7912441
0.4845847
0.713428
0.3910028
0.4108128
0.8745752
0.3577609
0.2660676
0.6540086
0.5997038
0.3018389
0.5394881
0.2842093
0.554168
0.7866703
0.396842
0.7345967
0.3117692
0.1781526
0.6716069
0.7990659
0.6679006
0.431403
0.5571234
0.7844294
0.4251689
0.4308874
0.4274774
0.4713889
0.3074571
0.5291344
0.8028281
0.6175686
0.4995246
0.2476382
0.392483
0.6969743
0.7764066
0.2115905
0.2546565
0.6443244
0.5210827
0.6570517
0.2312376
0.3116633
0.3068103
0.8661826
0.3785332
0.7836997
0.2488462
0.5991908
0.6142702
0.2944403
0.5468127
0.8441208
0.6632348
0.3227241
0.4737865
0.7140793
0.5846787
0.7397153
0.5979294
0.5512935
0.4382602
0.3515493
0.5131946
0.5521605
0.6661712
0.6868698
0.7015094
0.6708899
0.4105508
0.5535869
0.5626871
0.4481685
0.5378971
0.4874041
0.5601796
0.5638074
0.6808345
0.300944
0.6996555
0.276686
0.5803542
0.4612094
0.4143833
0.4418273
0.5612142
0.7521961
0.7934868
0.1053655
0.1988873
0.1233403
0.5498302
0.783666
0.3709979
0.7573696
0.5833299
0.2965088
0.3771807
0.7071307
0.5580151
0.5231687
0.5986855
0.5320625
0.3261602
0.4792902
0.3831558
0.439368
0.7420414
0.5008036
0.4759777
0.72578
0.4872287
0.4780256
0.5211551
0.7048118
0.5478583
0.4163562
0.1809031
0.6676404
0.1498121
0.684942
0.7014536
0.2660561
0.3300439
0.683884
0.7188522
0.4081449
0.6417975
0.1208113
0.2010388
0.4256983
0.7217928
0.5763128
0.3886819
0.4718101
0.8222297
0.7032574
0.6654662
0.4198827
0.2157126
0.2648418
0.1535053
0.6626335
0.528596
0.623813
0.4963165
0.4339597
0.4253836
0.3573243
0.3471717
0.2825846
0.5677373
0.8227605
0.6225281
0.5048986
0.6296508
0.4042999
0.5481485
0.3034043
0.8190673
0.3420343
0.549898
0.6244019
0.7986611
0.6343981
0.5869708
0.4605306
0.3688513
0.3176801
0.6193473
0.4541273
0.4497593
0.6468158
0.5943881
0.1585512
0.493248
0.7333408
0.5065585
0.4436184
0.3158976
0.5791025
0.2079889
0.4919461
0.550611
0.6350912
0.1844941
0.9081306
0.5362502
0.3679495
0.7423909
0.6632406
0.5515405
0.3096161
0.6237741
0.6708372
0.6239578
0.725753
0.4505986
0.4282943
0.6724983
0.881952
0.5888934
0.4404742
0.7349346
0.7092979
0.1999509
0.1433374
0.2806554
0.4267839
0.6344459
0.6118257
0.606628
0.4079571
0.1503866
0.3379328
0.6587209
0.2619754
0.3002021
0.5866287
0.1899049
0.6764638
0.3255557
0.5413945
0.62805
0.7163364
0.7414242
0.6374327
0.5949986
0.3618819
0.8141835
0.8438669
0.2709182
0.2202071
0.2702512
0.5288884
0.4145902
0.3627829
0.5205724
0.7419049
0.4806477
0.5921152
0.3983692
0.7886704
0.5619582
0.3445764
0.24769
0.4232589
0.5979782
0.07968931
0.449746
0.8359126
0.1945872
0.6836245
0.1420918
0.2686511
0.4289133
0.7195707
0.362865
0.3409917
0.6728905
0.3804457
0.585904
0.4572058
0.4926139
0.3552464
0.7307962
0.9236538
0.5761825
0.4995545
0.5128399
0.4307664
0.4427093
0.7355531
0.06056214
0.3027475
0.440603
0.6140878
0.5718715
0.5885709
0.6154595
0.577457
0.2806636
0.4178852
0.875704
0.4841356
0.5413167
0.2633135
0.9243413
0.7649722
0.6054839
0.5343543
0.4766795
0.5957999
0.6552811
0.4973894
0.7745451
0.6348226
0.7332378
0.3746902
0.764785
0.3960324
0.4257845
0.8190493
0.183452
0.4187429
0.6315965
0.3346368
0.5939383
0.2854651
0.5798765
0.6643791
0.4662964
0.3004188
0.8422359
0.5600628
0.702917
0.5677205
0.3132477
0.4475025
0.7434447
0.3300192
0.4028432
0.6384524
0.3627048
0.2316042
0.5881232
0.5787492
0.5000865
0.4278282
0.5341417
0.5113701
0.5288848
0.428087
0.4497719
0.5019208
0.266771
0.225865
0.6143586
0.5128204
0.5082034
0.5183813
0.7230248
0.1404615
0.4316276
0.4690313
0.4451313
0.7893383
0.4788635
0.1721345
0.5502111
0.8325307
0.5080909
0.225958
0.3298013
0.3914477
0.3124376
0.2988588
0.2739703
0.3456408
0.7522724
0.3784938
0.3148854
0.8553659
0.3979614
0.3024966
0.679981
0.5113112
0.5733119
0.4400232
0.3314656
0.4857636
0.628003
0.5452782
0.4318271
0.600494
0.3498125
0.4200676
0.5158165
0.3316166
0.3118175
0.21985
0.5732873
0.5961492
0.4234175
0.5565349
0.4095209
0.4704719
0.2029886
0.572531
0.5818123
0.5252434
0.6017016
0.7408374
0.5264373
0.4963997
0.6111969
0.4948245
0.4414573
0.3113067
0.4124836
0.476687
0.2974716
0.07664141
0.461164
0.7220519
0.5395216
0.40937
0.4296527
0.6732945
0.307901
0.7479465
0.4714752
0.4685536
0.3533889
0.4561418
0.3583248
0.0842488
0.6029468
0.3729168
0.2586692
0.6504031
0.4469449
0.2049438
0.4854794
0.2612543
0.4592683
0.4232984
0.7803254
0.5197293
0.5847328
0.726862
0.4612701
0.3155656
0.4659098
0.4096981
0.4121097
0.4964747
0.6109135
0.442141
0.2282819
0.4257403
0.5865867
0.5684576
0.3193713
0.5338834
0.6369168
0.5899063
0.8514763
0.4563219
0.3502652
0.6354919
0.7096608
0.4651859
0.3326378
0.4056916
0.4560441
0.5718775
0.55097
0.6851788
0.3831822
0.3175351
0.2197148
0.2100138
0.6341734
0.6903775
0.6953442
0.1083185
0.7489853
0.8279229
0.2031604
0.846967
0.747655
0.8683959
0.3834413
0.5228371
0.7549832
0.3196545
0.4518264
0.3814802
0.4204219
0.561787
0.4914845
0.7741724
0.5829545
0.4487306
0.2961957
0.2431623
0.7372503
0.2515768
0.3083812
0.4936284
0.5228634
0.5303662
0.4988214
0.6789349
0.3899392
0.3522887
0.5734201
0.5838164
0.6462597
0.5320274
0.7799223
0.8258176
0.5268957
0.6638895
0.3030279
0.5891621
0.3041041
0.3089333
0.452133
0.4449063
0.2104403
0.1333031
0.38292
0.681254
0.7553335
0.5489269
0.436275
0.4684656
0.4522271
0.5959242
0.5836155
0.3854306
0.1026816
0.6699809
0.6138873
0.5149831
0.5744538
0.5513464
0.3604877
0.1761345
0.3039956
0.6963264
0.2052319
0.1572835
0.5148535
0.2355348
0.6237599
0.4024723
0.6831977
0.3423055
0.3880213
0.6419341
0.2101847
0.6152587
0.5647047
0.4262408
0.3858893
0.5867531
0.3499499
0.4669231
0.5209276
0.7684563
0.8183422
0.7463914
0.4357153
0.670427
0.679017
0.6663888
0.6192552
0.3983188
0.1237045
0.4853747
0.3688625
0.2727339
0.5608695
0.6342167
0.6188705
0.4127022
0.5988876
0.4255029
0.5112327
0.6314561
0.7262062
0.560427
0.8872687
0.5812468
0.6378377
0.8800201
0.4775379
0.6296972
0.4180679
0.6288677
0.5446685
0.442792
0.596999
0.5244408
0.3430391
0.6631576
0.3446098
0.1172928
0.6258463
0.27404
0.4903407
0.3223999
0.3105463
0.585214
0.6850205
0.7188694
0.4543273
0.807043
0.3957494
0.4091017
0.6362396
0.6545962
0.2769993
0.6357299
0.6462471
0.6857784
0.5302629
0.7635215
0.3488549
0.4730072
0.6696468
0.5854825
0.7020874
0.6810057
0.4333814
0.2874278
0.5957533
0.5753272
0.3497029
0.5318196
0.2945874
0.8098197
0.2615814
0.6067695
0.3149203
0.4917609
0.5158067
0.3909716
0.3035985
0.5414839
0.7798237
0.1968861
0.6945315
0.8164707
0.3298125
0.5570528
0.5490104
0.5770416
0.5480354
0.4976
0.3814561
0.4858092
0.1424744
0.8735907
0.7128256
0.4575314
0.4762702
0.6121176
0.7883664
0.5860185
0.738524
0.4474319
0.605302
0.7799904
0.9227864
0.5075272
0.7168592
0.5186318
0.3138435
0.2718905
0.6169915
0.7340084
0.5065797
0.3838973
0.7073449
0.7014224
0.6360071
0.736933
0.3470582
0.4979935
0.7483249
0.697884
0.32978
0.3863213
0.4648517
0.5514782
0.3541372
0.5508927
0.2778421
0.6439162
0.6295862
0.676572
0.4402799
0.5723782
0.5822638
0.4323053
0.825932
0.8109811
0.325993
0.6393128
0.5945671
0.4177131
0.81929
0.3496908
0.4836851
0.6830921
0.6044712
0.4635678
0.7553151
0.6109889
0.7872429
0.617857
0.5610136
0.4832133
0.262416
0.603988
0.2684744
0.5146088
0.1902733
0.5946578
0.6567989
0.4300761
0.3509582
0.1351896
0.6169825
0.6512726
0.3220264
0.6898899
0.5570759
0.4312054
0.6839592
0.4852503
0.3205884
0.7563141
0.4405271
0.4967253
0.7323035
0.6143758
0.2705752
0.4383108
0.3519578
0.5398415
0.1193188
0.5136025
0.5398794
0.3495621
0.6028447
0.4268505
0.4101072
0.5175034
0.3831949
0.8602533
0.4000674
0.8339474
0.1106037
0.6767328
0.5363569
0.5270346
0.6439714
0.374757
0.2544361
0.1492553
0.6860667
0.3761131
0.61455
0.2297697
0.492317
0.6043581
0.4615638
0.4901186
0.3132336
0.2817397
0.366689
0.4694719
0.7444262
0.03208646
0.5106109
0.3771134
0.4342906
0.07239746
0.5923629
0.6819627
0.8759995
0.3845822
0.4415185
0.3264849
0.308341
0.6170998
0.5601451
0.4047307
0.8025456
0.7070179
0.5302287
0.3872043
0.222028
0.09885766
0.4163106
0.2264931
0.4629559
0.3339797
0.4284779
0.1799633
0.4743716
0.733075
0.7461437
0.5585018
0.7941688
0.2454771
0.2934786
0.6951614
0.6843969
0.5046964
0.5305219
0.4893415
0.5287403
0.3674762
0.2336489
0.4779795
0.3788643
0.214426
0.2404926
0.6385887
0.4844234
0.7129721
0.4172446
0.5927055
0.5022773
0.6492722
0.2956545
0.3680458
0.4232045
0.3695607
0.4756748
0.8208942
0.8416173
0.3735609
0.5818774
0.548169
0.4021044
0.5923649
0.4611783
0.7052091
0.5585407
0.3646721
0.5218701
0.2542815
0.2977073
0.4481214
0.5326983
0.5709467
0.3435605
0.7116543
0.6687867
0.493959
0.5083997
0.4344877
0.5710898
0.5338308
0.1074059
0.3524915
0.5318457
0.1608878
0.7788651
0.4417962
0.3813602
0.8595824
0.5036387
0.3019732
0.3163371
0.6282947
0.1190336
0.1740011
0.3954114
0.2845002
0.392626
0.3805608
0.3238741
0.6036369
0.4824832
0.3856804
0.3965024
0.5005144
0.4320032
0.4755038
0.7215737
0.09058161
0.7086343
0.6174891
0.5169908
0.4231565
0.4013813
0.7230812
0.6902249
0.5251681
0.341689
0.2486265
0.5124803
0.2678753
0.8875185
0.6805884
0.6229139
0.629162
0.5378451
0.2172119
0.6079237
0.4077681
0.5255024
0.5711003
0.510973
0.5183554
0.5358905
0.4378461
0.1346382
0.3902996
0.4320614
0.5134649
0.3943361
0.4886438
0.3288452
0.5206448
0.4391464
0.5326346
0.2360352
0.8643801
0.156961
0.6359757
0.1457661
0.2408376
0.1387152
0.8675443
0.5414248
0.7062362
0.4730955
0.4867716
0.8164916
0.6786161
0.6205969
0.3362746
0.4509717
0.4750781
0.7881393
0.5739258
0.4745256
0.4437133
0.5420703
0.8956143
0.3615701
0.2752104
0.6311201
0.85932
0.3984482
0.8033096
0.8210234
0.3864802
0.6388189
0.2503935
0.8897113
0.5421425
0.6220603
0.557986
0.7090458
0.6939512
0.2382822
0.3427528
0.5662842
0.6948309
0.5907051
0.3629072
0.7786949
0.7103011
0.6575149
0.7557923
0.4420192
0.2332426
0.6840378
0.5187452
0.667797
0.2973868
0.5053969
0.6154656
0.2441862
0.2660777
0.7631004
0.4779629
0.5333002
0.8248064
0.6678455
0.4685068
0.7539894
0.4886675
0.52381
0.7819145
0.4067055
0.3070462
0.5391056
0.2680968
0.5719181
0.1618361
0.406059
0.2911136
0.1417298
0.4138074
0.5903076
0.2288285
0.1014278
0.4810308
0.7136551
0.3543874
0.6067887
0.8095513
0.7058911
0.3546176
0.6531685
0.4400977
0.6604294
0.5763077
0.3567074
0.456546
0.5834092
0.590903
0.6383372
0.488086
0.4177682
0.666929
0.8159491
0.6391577
0.5020684
0.5386209
0.369219
0.3041987
0.798828
0.2972866
0.5041096
0.537672
0.4697265
0.5562506
0.3808955
0.3901103
0.5719386
0.5128728
0.4225015
0.8403882
0.6369426
0.5898067
0.4925376
0.5061916
0.2365014
0.4019615
0.785282
0.621125
0.5928235
0.2675143
0.8994031
0.4302503
0.335521
0.1466427
0.4666705
0.7172465
0.4830435
0.6139666
0.3265789
0.4052079
0.409506
0.54815
0.3898184
0.1954322
0.2729244
0.455782
0.4577981
0.6557268
0.6634969
0.512739
0.3477663
0.5556887
0.5868086
0.8079299
0.6334744
0.4494531
0.5746681
0.2680717
0.5334929
0.2939979
0.6688945
0.5615602
0.4433568
0.5111076
0.8339159
0.3395269
0.4422532
0.4013514
0.3597376
0.4412178
0.2512135
0.4312234
0.64547
0.2952684
0.3695842
0.2932957
0.7635489
0.4344863
0.7451969
0.7199637
0.6782656
0.5131189
0.5525794
0.691588
0.6741633
0.4727496
0.5954988
0.5330976
0.4525714
0.194264
0.2272205
0.4684627
0.3281792
0.2047162
0.2596002
0.6476941
0.4872822
0.8933592
0.5294657
0.7810096
0.3962917
0.5303569
0.5038556
0.4030714
0.6177009
0.2566821
0.5616137
0.7668753
0.5949754
0.8509906
0.5250811
0.7871104
0.2793022
0.3677464
0.5792183
0.5797878
0.548163
0.5179729
0.3346947
0.2999562
0.6630386
0.3816417
0.3119685
0.3099062
0.6252655
0.3821195
0.6324476
0.5403655
0.3410484
0.6776531
0.6299764
0.660041
0.590239
0.5243681
0.6144671
0.5378703
0.3879691
0.2983169
0.277775
0.5384476
0.3441877
0.2286914
0.6511076
0.5693748
0.3834983
0.3181739
0.7233344
0.4215933
0.5269254
0.3367785
0.6049087
0.3962029
0.4704715
0.4402676
0.4571057
0.1603279
0.3355111
0.3839003
0.6109041
0.2588245
0.3910883
0.1595628
0.4847767
0.7559697
0.597772
0.4553205
0.5568391
0.4136431
0.51333
0.7028426
0.2902387
0.1246404
0.2803753
0.4501542
0.6602586
0.7360138
0.3626021
0.3142326
0.3182078
0.3066075
0.6608951
0.6318605
0.5591229
0.6325856
0.4388649
0.8208106
0.6624304
0.3571289
0.5044999
0.6976239
0.6450819
0.6876615
0.1988198
0.4582335
0.3367252
0.304877
0.5052587
0.6099088
0.6490256
0.4033149
0.3588381
0.5842786
0.4117036
0.6637128
0.6925347
0.6085548
0.3702282
0.5332088
0.4928277
0.7977271
0.3571643
0.2987128
0.436574
0.2664672
0.602188
0.5450634
0.4355076
0.6933829
0.7409047
0.2336493
0.7156289
0.3541437
0.2951269
0.3378976
0.7134178
0.3148176
0.1518922
0.7576236
0.396115
0.4685632
0.3815198
0.3560604
0.6002671
0.3500988
0.3161377
0.7028832
0.6496521
0.5278351
0.2841888
0.3491021
0.4038485
0.6506897
0.6809065
0.3619437
0.5386263
0.7745252
0.3840941
0.5212077
0.6836404
0.4377543
0.3742195
0.3520931
0.5526302
0.8316281
0.4938408
0.5984653
0.4756619
0.4899737
0.5294013
0.2312924
0.8627673
0.4214582
0.4806219
0.7017466
0.8302837
0.4829198
0.3020001
0.3993141
0.2835084
0.3089
0.7095174
0.802733
0.1450928
0.3822461
0.402257
0.5525346
0.5461451
0.7396849
0.2661635
0.3430181
0.626192
0.649082
0.3515961
0.9246763
0.1714218
0.7246226
0.6078574
0.5942088
0.5644813
0.6159996
0.6554164
0.4592409
0.6913741
0.3788706
0.4510977
0.2991628
0.352299
0.6934572
0.4913396
0.2559012
0.57445
0.5570471
0.2987745
0.4449178
0.5137061
0.7090011
0.5658471
0.8645713
0.2062224
0.6435953
0.6826814
0.1855471
0.4215599
0.7112056
0.4805121
0.4465281
0.5223895
0.4356755
0.4155436
0.7363904
0.3047435
0.353745
0.4598444
0.6279211
0.4760226
0.4213583
0.49972
0.4949061
0.4247953
0.7771071
0.5240576
0.8200635
0.4899004
0.4840725
0.5956323
0.1130065
0.6133917
0.4881506
0.420902
0.4312089
0.6648964
0.553111
0.0947286
0.6213615
0.5365125
0.08181932
0.4373493
0.3433637
0.5159483
0.7347015
0.1693423
0.5431067
0.2631354
0.8033803
0.461631
0.6523988
0.4266505
0.6951404
0.7246062
0.3828382
0.5464906
0.3237386
0.3004073
0.6955256
0.4072778
0.1833041
0.4425131
0.3508818
0.5107886
0.862177
0.2536773
0.5135086
0.6955827
0.4346608
0.4000585
0.6931692
0.5345505
0.07320797
0.6215983
0.6848546
0.163202
0.3725707
0.3835552
0.4515548
0.8460455
0.4989863
0.2151745
0.3602536
0.3670254
0.7871622
0.5837991
0.2601392
0.4529653
0.5654374
0.2777917
0.4536655
0.7159347
0.2563834
0.3575935
0.5290217
0.1605101
0.2327468
0.8103447
0.3873152
0.4921776
0.5151744
0.6027282
0.6491762
0.2715415
0.5225722
0.4779939
0.1408454
0.4770954
0.65815
0.64122
0.4230371
0.592595
0.5737708
0.6574572
0.3015885
0.6213411
0.3189588
0.26561
0.1932328
0.6416112
0.6071824
0.4106011
0.4285578
0.2405201
0.5283571
0.6580878
0.3527406
0.4237792
0.2329129
0.4370681
0.5572309
0.5841372
0.5904368
0.3837744
0.4503624
0.9541881
0.480738
0.6889495
0.3641228
0.09738816
0.5216361
0.2422242
0.5359619
0.4506941
0.8610388
0.3518578
0.6116887
0.7099253
0.6282855
0.4776933
0.8197753
0.6496551
0.6838534
0.6950351
0.4844308
0.6999427
0.4572742
0.4641587
0.3456342
0.4126399
0.1465739
0.6897879
0.4769033
0.3800165
0.3365004
0.422773
0.446904
0.4577949
0.6207908
0.5340661
0.1730968
0.4879267
0.3835376
0.6534664
0.4539467
0.7668325
0.5453332
0.4162365
0.2132424
0.5611708
0.7591565
0.4076288
0.4909427
0.7389607
0.6853457
0.5301745
0.5858524
0.6889176
0.5442081
0.6175887
0.2523623
0.5124901
0.603113
0.9084532
0.6581587
0.5648129
0.4060389
0.502499
0.5713988
0.7629371
0.2541518
0.6904055
0.4822452
0.5115641
0.6832921
0.3212143
0.6982038
0.2361116
0.3964398
0.4204489
0.568072
0.7792384
0.6886597
0.5134854
0.3806404
0.7561479
0.245216
0.3984413
0.6311036
0.3989838
0.8197726
0.2921293
0.2961234
0.1497704
0.1833224
0.5761699
0.6996597
0.4440954
0.4524803
0.7440669
0.5468439
0.4021183
0.3894088
0.3781989
0.5519009
0.4680142
0.6262599
0.5847
0.4523458
0.6530515
0.4388409
0.6325376
0.6414141
0.7061424
0.7392521
0.6116036
0.3897137
0.7427035
0.5144329
0.4938103
0.4899559
0.5646638
0.3790927
0.62349
0.3795516
0.3955477
0.2571604
0.4339994
0.598584
0.2967456
0.5664883
0.7074928
0.7503239
0.6923677
0.4789906
0.6286384
0.3779129
0.3129888
0.4135722
0.7251356
0.6850227
0.1493668
0.431152
0.2635333
0.7791462
0.4528709
0.385768
0.7014238
0.8628841
0.5691835
0.4809894
0.3664744
0.7847061
0.3543436
0.5887938
0.533387
0.5142095
0.2809742
0.7020331
0.4903593
0.6155598
0.7738187
0.4120501
0.5762828
0.5862388
0.4640194
0.3773344
0.4890995
0.3977145
0.4055238
0.2056317
0.4485759
0.3680824
0.4387651
0.7113279
0.9399084
0.6082857
0.4552372
0.6160446
0.6451751
0.7465101
0.3037898
0.6608682
0.7443784
0.7549346
0.588224
0.647724
0.4700024
0.2609591
0.454066
0.4350525
0.6819119
0.4849047
0.658361
0.2890947
0.6311444
0.6772778
0.7110289
0.4837886
0.398756
0.8394915
0.6462191
0.4329858
0.4389795
0.5560486
0.5790271
0.4812174
0.4052356
0.4577519
0.3268649
0.1911349
0.3565848
0.3854567
0.6750146
0.4242999
0.5386302
0.4730105
0.3900942
0.4783575
0.5227952
0.6014035
0.2116237
0.603286
0.4771537
0.5185281
0.9222504
0.7362654
0.260762
0.655972
0.6998911
0.4102198
0.3525547
0.393421
0.3651376
0.9063979
0.1287746
0.5139521
0.5865363
0.9195467
0.3278763
0.1288105
0.2782754
0.4993721
0.4492093
0.4503607
0.2039674
0.6733735
0.6269751
0.5243167
0.584352
0.8784459
0.6488097
0.2265582
0.3493205
0.28119
0.4654008
0.6656526
0.3740565
0.2199467
0.5700861
0.1630274
0.3157649
0.7324312
0.2013731
0.56987
0.34121
0.7803732
0.44573
0.6509491
0.3317623
0.3598924
0.210633
0.6377091
0.4598568
0.5963637
0.3902357
0.4444411
0.7076639
0.6606631
0.5166612
0.5174007
0.6941956
0.5502142
0.6994183
0.07401432
0.5244807
0.7674233
0.6101947
0.5577602
0.5883582
0.3754107
0.5414166
0.5550062
0.4361435
0.4262676
0.6273614
0.5598493
0.5328662
0.7119946
0.7569146
0.4169063
0.4964832
0.6522431
0.7753813
0.6228175
0.4792762
0.3975547
0.1663244
0.4323357
0.6677651
0.6526246
0.4820289
0.956804
0.5724638
0.5364429
0.4664125
0.5361783
0.889995
0.3753518
0.4139645
0.59751
0.3994214
0.5267631
0.3037687
0.7595135
0.3366948
0.7132546
0.4164828
0.3741228
0.6898305
0.6112987
0.5726087
0.1959373
0.6485503
0.4058904
0.5006565
0.7518148
0.1898385
0.4647095
0.7433671
0.680766
0.5817439
0.561993
0.3584253
0.4633692
0.4715099
0.5840966
0.7648913
0.638256
0.3889992
0.3837224
0.4186632
0.6230788
0.5363144
0.4875476
0.4902505
0.6875045
0.6637917
0.701535
0.4732393
0.3048969
0.2401099
0.451404
0.5197981
0.7919933
0.2519137
0.803458
0.2526388
0.4473555
0.3237108
0.4396358
0.7930769
0.7106089
0.7301746
0.3225032
0.4707583
0.5594102
0.2820654
0.8141756
0.4319882
0.4381601
0.6891207
0.5680045
0.8258283
0.7473137
0.7065836
0.440317
0.6669527
0.48143
0.5935774
0.6430384
0.7625734
0.1489134
0.362038
0.4621449
0.6252189
0.1578157
0.3013994
0.5375612
0.8913079
0.4497815
0.6285436
0.5051757
0.3384611
0.4298998
0.6203083
0.5193765
0.7592905
0.6159701
0.2881837
0.7293766
0.4081855
0.331481
0.5726782
0.4894311
0.7221962
0.271542
0.5078139
0.3324191
0.3560847
0.4242818
0.637765
0.6014128
0.2489613
0.2498419
0.3241176
0.3816125
0.6770995
0.5053944
0.2694236
0.3573174
0.5827266
0.7099106
0.376972
0.1655043
0.2546975
0.3949666
0.5287289
0.1988131
0.5677572
0.7923586
0.3123389
0.5035568
0.4372928
0.6241185
0.3872734
0.4005232
0.7993289
0.2426207
0.6073068
0.7092962
0.4558792
0.4898402
0.5314864
0.8367613
0.5873315
0.5885697
0.7676382
0.5241528
0.5386389
0.3621775
0.6276842
0.7211993
0.6523938
0.853934
0.2177001
0.5122588
0.5988376
0.3594742
0.7074462
0.4079327
0.6846824
0.7582919
0.2539444
0.3188517
0.5346788
0.4720978
0.6126442
0.7114426
0.5754789
0.447541
0.5017476
0.4690638
0.6486401
0.2099508
0.6328133
0.836445
0.6042095
0.7710461
0.5671418
0.7806823
0.2893177
0.6758512
0.4636617
0.6558999
0.6222933
0.3633313
0.5959512
0.4450676
0.5622625
0.5178274
0.5891122
0.1280619
0.6039954
0.5966819
0.3999344
0.4993658
0.4095494
0.4708956
0.5261379
0.6015977
0.6322784
0.3861504
0.490551
0.639476
0.5352072
0.4537374
0.8704952
0.4971135
0.3180236
0.3653043
0.4797876
0.6735857
0.6535921
0.2216993
0.4244416
0.7390463
0.5154029
0.717714
0.5373945
0.6459838
0.5275526
0.5119984
0.6243336
0.2270843
0.3167078
0.486279
0.5358241
0.7647589
0.5951666
0.2790088
0.2676224
0.5705885
0.357998
0.3490005
0.3465827
0.2792904
0.6243367
0.3298051
0.6631953
0.5143526
0.4382653
0.4191114
0.4687363
0.5793002
0.3944793
0.2900201
0.3560382
0.5597377
0.6651507
0.6377445
0.7538209
0.6340054
0.7593674
0.6133099
0.3575658
0.46465
0.650702
0.5235703
0.4000515
0.4800246
0.4692554
0.7385714
0.2133952
0.3587394
0.6558631
0.7993267
0.5948739
0.2610113
0.4615543
0.8049371
0.5060146
0.2216988
0.5585646
0.6366599
0.3140629
0.5013922
0.5589694
0.4218308
0.7158675
0.194547
0.684719
0.4637096
0.6084908
0.6130706
0.4621896
0.6877835
0.5633136
0.1555885
0.5155287
0.1958231
0.1762433
0.7451337
0.3875787
0.846444
0.2994647
0.3432159
0.6466151
0.1195159
0.5511045
0.7507441
0.3408235
0.5718098
0.3731997
0.25621
0.7176146
0.4441505
0.715679
0.639812
0.2659742
0.6956937
0.6650506
0.7089476
0.610051
0.4160894
0.6188903
0.4754261
0.9037227
0.5712501
0.3950884
0.3328125
0.3813269
0.5115372
0.2537394
0.4929954
0.4412761
0.1759281
0.6533831
0.7174881
0.5218745
0.4243331
0.5553106
0.6841542
0.6925264
0.3053686
0.5631023
0.5058254
0.3861256
0.4006446
0.6233368
0.4101167
0.5731235
0.0775744
0.3705192
0.6184649
0.4923527
0.250043
0.4801939
0.7272078
0.5898357
0.4802039
0.3596049
0.8175983
0.4146803
0.2803418
0.4301289
0.2813464
0.4117482
0.5667925
0.6944378
0.2143647
0.7206697
0.319589
0.7083119
0.4761832
0.7196531
0.2783403
0.7141966
0.3459245
0.5469215
0.7179794
0.4242916
0.2612389
0.5206644
0.4890242
0.727832
0.2734212
0.573384
0.5820702
0.4671478
0.3148346
0.4216774
0.211138
0.7421457
0.5335697
0.4056478
0.3034305
0.1908618
0.1864941
0.7157535
0.715514
0.5146121
0.4430353
0.1373431
0.6380536
0.5508317
0.2873249
0.4559866
0.5965493
0.5110073
0.3801677
0.7940673
0.6770005
0.4511947
0.7862839
0.3315178
0.6639885
0.5849992
0.1850195
0.5701567
0.6867621
0.3125414
0.5483048
0.4573843
0.6675858
0.4182203
0.4352471
0.6083175
0.4303628
0.4620982
0.485673
0.434165
0.8662853
0.76321
0.5963234
0.514093
0.4764812
0.6738637
0.5822311
0.4648617
0.5766064
0.4663491
0.2539068
0.5453753
0.5000884
0.3811024
0.7302361
0.3419058
0.3198016
0.09107452
0.2300549
0.5873277
0.4309385
0.6930713
0.5238366
0.554531
0.5399921
0.5324657
0.8433397
0.4822493
0.4410902
0.3514505
0.6158548
0.4654797
0.5405824
0.6344598
0.6930301
0.4870149
0.3857916
0.8876991
0.3562684
0.4683278
0.4755873
0.3374637
0.6577689
0.6402827
0.2983007
0.1556478
0.4142101
0.5920081
0.5813066
0.6201251
0.3297323
0.2868141
0.6270164
0.4776679
0.7604149
0.6614547
0.5062731
0.7104853
0.4090066
0.4294395
0.2101471
0.3528084
0.4124763
0.5896895
0.1605237
0.4612032
0.7091985
0.482055
0.5203572
0.6503999
0.3563995
0.7330803
0.3577787
0.6478158
0.5313251
0.6468133
0.268964
0.4359213
0.4976277
0.511041
0.4758239
0.4334578
0.4005081
0.3088588
0.8380545
0.7394233
0.7220877
0.6927241
0.5553263
0.4073668
0.553405
0.4467849
0.2763168
0.3598214
0.607924
0.653453
0.3788788
0.4500463
0.7557346
0.2576841
0.3126861
0.4921314
0.7461422
0.6598902
0.5597148
0.2333324
0.289766
0.7024768
0.7896389
0.5653962
0.6333702
0.5635397
0.1743324
0.3032378
0.1720648
0.5025281
0.6612801
0.4253912
0.7069694
0.5663035
0.2332654
0.7271371
0.3707149
0.5975791
0.5333441
0.4583564
0.5854272
0.484056
0.7621323
0.4533883
0.7096152
0.535558
0.7480025
0.4398641
0.504311
0.2311128
0.527666
0.6094888
0.619275
0.3699222
0.1789241
0.2911864
0.3213125
0.6358588
0.5781708
0.477372
0.6757118
0.8764224
0.1899422
0.8398024
0.4473094
0.4825017
0.396092
0.4873183
0.3495637
0.4220398
0.9433461
0.2042662
0.5384885
0.2943508
0.485775
0.3523634
0.3503115
0.351206
0.3297837
0.5415747
0.6267267
0.3813457
0.1031458
0.4181697
0.5024963
0.727931
0.4233933
0.4951094
0.4132072
0.6818922
0.6526813
0.5266701
0.7778513
0.5177496
0.1889625
0.7218234
0.1904151
0.4068545
0.4402719
0.7108498
0.584647
0.5349784
0.6355204
0.5631132
0.6097966
0.6035575
0.5461848
0.6030268
0.4196715
0.4691378
0.2561873
0.4782989
0.7900608
0.5565415
0.6786119
0.5986358
0.3510567
0.29606
0.3609599
0.642729
0.3562044
0.5588472
0.6694893
0.5353541
0.600418
0.4837722
0.4108745
0.5526222
0.3935085
0.8432742
0.6243157
0.6845511
0.2922954
0.2975874
0.7705358
0.8010086
0.114839
0.6344619
0.8656219
0.5236231
0.4737789
0.3205014
0.3256259
0.7220865
0.2615709
0.7431328
0.2507143
0.5118275
0.5741574
0.441664
0.5113107
0.6703845
0.5956363
0.09994038
0.7170418
0.3087999
0.5542278
0.6629601
0.3612192
0.3764028
0.2808699
0.7712361
0.3925588
0.7665677
0.2441545
0.4951103
0.3762137
0.6146231
0.8161507
0.3726893
0.6658163
0.6566157
0.535732
0.5583317
0.1869445
0.6468772
0.6912058
0.536002
0.5137034
0.1640045
0.509879
0.3673577
0.646164
0.560489
0.5776518
0.7382758
0.7944965
0.6725243
0.5558155
0.5794231
0.582222
0.8407392
0.3637701
0.4306472
0.3762135
0.4854158
0.2836166
0.5506503
0.8242313
0.4048971
0.3752504
0.3627527
0.5702376
0.7243543
0.5171864
0.4559779
0.5402465
0.2302608
0.7455595
0.4093551
0.6028771
0.2652001
0.4062579
0.3250044
0.7115801
0.8488605
0.431165
0.4745256
0.3171592
0.4348526
0.550904
0.231012
0.2660187
0.6061493
0.2885182
0.4669383
0.2753077
0.6660462
0.6862024
0.3986729
0.612247
0.3540397
0.6962994
0.5412359
0.5957313
0.6208134
0.2611843
0.6405684
0.4789032
0.6247805
0.5551364
0.6579586
0.1248069
0.5716634
0.7289613
0.6650174
0.1499487
0.6710295
0.7790635
0.6472975
0.3772706
0.7298081
0.7546017
0.5959041
0.3176901
0.5286292
0.622622
0.6343401
0.5723264
0.1569288
0.5655576
0.8346719
0.2585805
0.3377956
0.6803473
0.5150219
0.5630348
0.4550663
0.3494911
0.4731902
0.54449
0.5378583
0.1940758
0.7821767
0.6478683
0.3730647
0.3524835
0.6995524
0.6191343
0.5761018
0.4218431
0.3872641
0.5312551
0.8709755
0.3138124
0.4978965
0.2353351
0.6133647
0.8082197
0.3846103
0.5804529
0.7117658
0.7702216
0.3793185
0.3675716
0.8045963
0.5679786
0.6675904
0.8676302
0.7457399
0.7841996
0.241489
0.5259608
0.2947989
0.5970966
0.2734531
0.7595784
0.6522742
0.6720131
0.349626
0.7118511
0.7225883
0.6391406
0.4807087
0.5579145
0.3954596
0.3580341
0.6368056
0.2855099
0.6816082
0.6246673
0.7800061
0.1809693
0.6226193
0.5233978
0.6476273
0.2802547
0.2348116
0.7106111
0.5585862
0.3157265
0.6015559
0.3627338
0.1722082
0.5983171
0.3404908
0.5824615
0.646587
0.4768579
0.1820854
0.5936523
0.3208869
0.3861787
0.8505454
0.7277185
0.4506999
0.4870729
0.3546803
0.3464193
0.803083
0.4029842
0.4749205
0.3357626
0.5496725
0.6263343
0.600868
0.3751327
0.856473
0.5377663
0.3905033
0.4985349
0.2719623
0.5816363
0.6260559
0.4227062
0.3332499
0.1467153
0.5561574
0.1588802
0.1421024
0.7153294
0.393649
0.1584662
0.4313468
0.2353058
0.547822
0.6284771
0.7073571
0.4116397
0.3031556
0.3429612
0.5641505
0.5269318
0.1700817
0.2193594
0.7649381
0.516864
0.3884139
0.3813658
0.3101132
0.5415744
0.2566296
0.6255552
0.3799491
0.608036
0.7081684
0.4683046
0.4902343
0.5391684
0.6782355
0.3056025
0.3098935
0.6624057
0.6090025
0.856424
0.5966208
0.6247413
0.6818473
0.6796618
0.6539709
0.5213518
0.5343657
0.799413
0.29091
0.9140753
0.5768543
0.6800983
0.7024978
0.729608
0.222542
0.1594129
0.3194628
0.8489843
0.4651822
0.08366581
0.6669739
0.523623
0.4158539
0.4880123
0.13131
0.3965341
0.3697445
0.7464248
0.5795288
0.5770231
0.3410238
0.5198484
0.5916201
0.07124495
0.5266902
0.4451322
0.8513372
0.7599086
0.2134597
0.2987342
0.4613516
0.3814127
0.7804741
0.4054125
0.4708815
0.3923966
0.4873326
0.4709231
0.3526055
0.3415706
0.3199797
0.177672
0.60827
0.3143202
0.6684158
0.4442021
0.5463225
0.5740321
0.6317858
0.3705345
0.4983649
0.6036488
0.5077762
0.8390335
0.6492055
0.7747848
0.2843706
0.5866964
0.1680308
0.7316335
0.49255
0.4086998
0.7589481
0.41762
0.4389064
0.8457406
0.5369302
0.4123023
0.7560288
0.373197
0.6390446
0.5121161
0.4002326
0.4476358
0.5751995
0.483738
0.7548003
0.4684227
0.2951901
0.2698204
0.3140455
0.7505327
0.3205376
0.3073535
0.2665932
0.4678052
0.4794329
0.7250541
0.3343221
0.5270479
0.3606321
0.4037964
0.484297
0.3648742
0.4589518
0.4389334
0.6355761
0.4021122
0.4643968
0.3819309
0.4497873
0.5684208
0.4429565
0.1522994
0.5470301
0.7559682
0.3371281
0.4333529
0.5119293
0.4785849
0.5412983
0.7448044
0.6249426
0.4347405
0.5187805
0.7613443
0.6723879
0.5051258
0.7085769
0.5553139
0.3717561
0.7151345
0.2764186
0.3871759
0.3644877
0.4777665
0.7123708
0.6229073
0.6194628
0.540978
0.4181393
0.7250054
0.5668782
0.575515
0.5690536
0.7717626
0.3008475
0.6299212
0.3727724
0.5042357
0.3422701
0.4208845
0.514072
0.6164145
0.857544
0.3619439
0.3761648
0.7433236
0.7639871
0.4993923
0.7384681
0.3334004
0.2832347
0.6692495
0.5456182
0.6912172
0.4431464
0.5779211
0.5167525
0.3381005
0.1930784
0.1954739
0.317644
0.1892589
0.8464145
0.3527842
0.5605068
0.4580532
0.6426163
0.6004734
0.6478856
0.6203181
0.2343934
0.7195208
0.4237604
0.3562818
0.2690401
0.7041867
0.2118506
0.6048062
0.381351
0.5484041
0.4740094
0.6037201
0.3583867
0.5254829
0.2038348
0.4124051
0.7310846
0.886235
0.6466479
0.5472327
0.7553814
0.2633215
0.6234265
0.8126421
0.7620335
0.5173086
0.2332281
0.1320942
0.4755372
0.4300512
0.2779074
0.3933318
0.4290612
0.7496592
0.4984869
0.3381801
0.6027148
0.3671698
0.4215285
0.2429024
0.4730706
0.2087065
0.5783733
0.5191964
0.2720223
0.7230409
0.5256041
0.4787892
0.5056832
0.2310212
0.6842548
0.33264
0.4347539
0.3498312
0.5119616
0.2546705
0.1859627
0.4997931
0.3612887
0.7145729
0.2458299
0.4251724
0.5054702
0.3847307
0.5173815
0.4745667
0.685773
0.4752758
0.3862638
0.434956
0.5560918
0.4992599
0.6330465
0.4714161
0.1917231
0.6231234
0.2905038
0.7792596
0.5225193
0.5912049
0.4569692
0.3476748
0.4499039
0.1931716
0.6450039
0.5932786
0.2334564
0.4909006
0.3510432
0.6333645
0.2434315
0.3475904
0.3634874
0.5123821
0.1676404
0.3860049
0.7322584
0.5047806
0.3249993
0.6526235
0.6688923
0.5702587
0.5061836
0.5682125
0.4419539
0.5967597
0.5936514
0.5344452
0.5942697
0.2105784
0.4835818
0.4325593
0.6289231
0.3901284
0.6193784
0.5274067
0.582663
0.4724749
0.6608357
0.6119479
0.3082994
0.4210347
0.3363581
0.5671848
0.6043615
0.479284
0.6021936
0.6416349
0.2660831
0.4591083
0.5843181
0.6609271
0.6786532
0.4467508
0.7315922
0.5609021
0.4035455
0.3067827
0.4387227
0.4604325
0.5478668
0.4241855
0.693345
0.5488887
0.1587936
0.7371817
0.6893721
0.5379028
0.5384921
0.1682987
0.199836
0.5523353
0.3591673
0.5236536
0.6669233
0.6967827
0.4774657
0.6198977
0.6095765
0.7965418
0.1368983
0.6318284
0.5228821
0.3823505
0.4259455
0.5547822
0.4697783
0.5332353
0.7819017
0.5632449
0.3990244
0.245902
0.03116298
0.3818373
0.6159145
0.07199212
0.7029335
0.4071994
0.3045062
0.4338574
0.2764408
0.7290554
0.08007381
0.4846569
0.7290628
0.4471543
0.5417885
0.3269396
0.5346134
0.5760859
0.4242654
0.3993535
0.7882558
0.7888772
0.3108264
0.6740296
0.2070988
0.6269428
0.3673931
0.606983
0.2534385
0.5043402
0.4078462
0.7634404
0.7346649
0.36031
0.6663369
0.4693152
0.08910435
0.2448295
0.3429564
0.8399051
0.9296481
0.2028055
0.2328033
0.5431994
0.7297133
0.1905987
0.4470919
0.4552469
0.6313446
0.5518243
0.4334654
0.3811148
0.7642511
0.4833182
0.4581001
0.4458447
0.5762409
0.448508
0.7747265
0.6757334
0.8364951
0.4537722
0.7269014
0.3499388
0.8206806
0.3242456
0.3322909
0.7291862
0.1345865
0.7341009
0.1680076
0.4136895
0.3543219
0.6365341
0.7469336
0.668697
0.2523751
0.8947916
0.07281648
0.367243
0.1700941
0.8091689
0.3952674
0.4524067
0.6596869
0.6392157
0.4709814
0.317764
0.7142249
0.482463
0.5066607
0.7025472
0.4838085
0.7721414
0.442457
0.4116148
0.6713283
0.2720896
0.4329562
0.4543128
0.4533387
0.4424235
0.4148788
0.260839
0.6777932
0.2953873
0.7132072
0.2434552
0.5221916
0.5874364
0.7409034
0.6540934
0.8892939
0.8071075
0.6590624
0.7869864
0.4593774
0.8982845
0.3317048
0.6480563
0.352729
0.6574313
0.4080077
0.3515757
0.7807768
0.3809196
0.4243724
0.3424918
0.4373131
0.5387894
0.6795312
0.3890214
0.4060117
0.4463089
0.6496294
0.1825927
0.4669432
0.5055343
0.370252
0.7453682
0.4156641
0.2996777
0.5767578
0.3533591
0.4473477
0.3064114
0.4121062
0.5376993
0.8784172
0.367727
0.8143056
0.3972128
0.5897938
0.7837796
0.5023719
0.6277907
0.2752278
0.3878309
0.430195
0.5590608
0.4895811
0.7481113
0.5205538
0.5127302
0.5825303
0.3549694
0.6847708
0.3222912
0.7044546
0.6390146
0.7072773
0.926558
0.3636541
0.485358
0.2537997
0.5100285
0.3750677
0.4537865
0.5316591
0.302003
0.4487228
0.5799705
0.5883578
0.122404
0.5374285
0.07045838
0.6308701
0.4788694
0.3857193
0.70394
0.1755579
0.5182194
0.7439208
0.56943
0.2729119
0.3175411
0.468915
0.1281817
0.7127106
0.7141428
0.5873944
0.6102182
0.4705671
0.6467623
0.4497352
0.5716977
0.2165959
0.3582456
0.4531053
0.8572699
0.1776488
0.7519221
0.6661375
0.6250531
0.3645175
0.5824354
0.7271104
0.7016578
0.5370996
0.5765464
0.7420516
0.4433278
0.4263481
0.6285912
0.7768238
0.2650336
0.2229631
0.38881
0.6016683
0.7031098
0.4164607
0.7395746
0.3528066
0.6611073
0.7223428
0.3893588
0.800991
0.2925851
0.7695138
0.5854198
0.4117253
0.5148417
0.3693257
0.4389206
0.2591041
0.5523389
0.4064314
0.5083077
0.5586016
0.4503257
0.3584549
0.2656533
0.6925729
0.3394957
0.3992648
0.268221
0.6921264
0.4768433
0.5857939
0.3968743
0.5792619
0.6613459
0.2736685
0.4501362
0.6336602
0.5802868
0.3453903
0.3832656
0.5952276
0.647544
0.5387962
0.5795789
0.355574
0.4966475
0.5978081
0.8171501
0.2359869
0.7577252
0.3072525
0.2971037
0.4364722
0.5170507
0.6993432
0.6990858
0.3283554
0.5416716
0.3026964
0.611752
0.4269329
0.4978089
0.5387982
0.6781698
0.5746516
0.5876675
0.7444636
0.6617835
0.2560477
0.5337283
0.3426729
0.9845791
0.1863232
0.2979746
0.543819
0.5273373
0.4195086
0.2211239
0.8008829
0.5118799
0.5559138
0.2269804
0.4483246
0.4899195
0.4266094
0.3322613
0.5147791
0.5394419
0.3895327
0.4737563
0.7941112
0.4117737
0.5024639
0.3496089
0.5523207
0.5277496
0.469368
0.6976565
0.4615405
0.299082
0.2914605
0.4308965
0.1412122
0.6129821
0.2636478
0.2344988
0.6123469
0.4688389
0.446492
0.3920919
0.3691007
0.4493017
0.2439563
0.6600536
0.657259
0.6512516
0.5595842
0.2941736
0.8317507
0.7411091
0.4891515
0.4966503
0.7141534
0.9003432
0.3596615
0.3092726
0.5869612
0.7453334
0.4314478
0.5772726
0.612424
0.3629559
0.3940881
0.8900053
0.1679502
0.4818352
0.5834033
0.3729636
0.2856914
0.2598489
0.6761071
0.5070297
0.6556809
0.3984956
0.5754134
0.3497911
0.2584588
0.2751451
0.7594888
0.4461717
0.4566174
0.5360381
0.3338143
0.5041058
0.486806
0.8699016
0.424061
0.522741
0.4082741
0.3219363
0.5551025
0.6467627
0.4820891
0.5471622
0.5215506
0.2955991
0.6012645
0.7846859
0.5853978
0.6759563
0.4391064
0.6841331
0.4535606
0.5706423
0.4536385
0.3191854
0.4928555
0.4534261
0.1828269
0.678996
0.3803422
0.8405568
0.6426528
0.5657317
0.4981288
0.19341
0.6535337
0.8802995
0.6686964
0.3855337
0.4303301
0.3207609
0.4846563
0.3585989
0.2180231
0.2747011
0.2959494
0.7348993
0.3589328
0.8991202
0.1725309
0.5656189
0.5305596
0.6662293
0.5377111
0.6232461
0.6690572
0.6264006
0.364418
0.8290081
0.796756
0.1754838
0.8335455
0.3342277
0.6714628
0.5169776
0.4591082
0.5083974
0.4491376
0.3922867
0.5908773
0.2369648
0.6688709
0.5427418
0.8427296
0.4151764
0.2120493
0.4214952
0.2291851
0.5473217
0.7273321
0.6279485
0.4679752
0.4933036
0.4653203
0.5671441
0.2131378
0.6067742
0.2465101
0.228223
0.6053715
0.4589234
0.5933675
0.5208417
0.4789419
0.4166123
0.9144991
0.6026083
0.5224553
0.6376495
0.1693111
0.6303018
0.142297
0.4405802
0.3507039
0.9157583
0.3820187
0.4292451
0.5116322
0.6656937
0.7457752
0.1487159
0.7488271
0.3873963
0.6819618
0.2306201
0.6327416
0.5937713
0.5168008
0.8655182
0.3762458
0.6766398
0.3697236
0.2079593
0.4008736
0.5672643
0.3148351
0.4801976
0.2396215
0.4106254
0.4070871
0.6712973
0.6984368
0.3784647
0.7364911
0.3704974
0.2649966
0.5977377
0.3257951
0.8392205
0.577524
0.5626571
0.5396096
0.3136224
0.5302638
0.7231357
0.4869181
0.469748
0.5600536
0.5915361
0.7566673
0.4132157
0.7386397
0.4752608
0.4892069
0.4258003
0.5754752
0.1190793
0.2804379
0.3638605
0.5053108
0.4290989
0.3554512
0.5337206
0.5137461
0.4377509
0.3951218
0.2393876
0.72243
0.5109749
0.4499277
0.8643823
0.5033073
0.2735035
0.7862087
0.49996
0.3893886
0.6458098
0.7409464
0.6354676
0.1927444
0.6500896
0.425185
0.2106391
0.4392456
0.3614349
0.3401543
0.8592684
0.529071
0.7229444
0.4345499
0.6461816
0.4034619
0.5391917
0.389961
0.6041422
0.4686682
0.3222263
0.4009899
0.5533547
0.2055028
0.2690255
0.9371967
0.4941181
0.08943915
0.5200183
0.1535589
0.7352545
0.7546918
0.2997499
0.8024044
0.4461273
0.1750536
0.5305994
0.1468524
0.215286
0.625208
0.5834805
0.489073
0.6896997
0.3159647
0.5874385
0.5238098
0.2996679
0.7683643
0.8551556
0.1802864
0.3042291
0.2289394
0.4054863
0.2653943
0.4849315
0.8076449
0.772034
0.7408514
0.8219612
0.5856164
0.6602295
0.6471605
0.3659679
0.410021
0.5878053
0.6721537
0.3173565
0.4739224
0.4960685
0.7369826
0.4874378
0.290554
0.4681714
0.6335426
0.5617275
0.2376696
0.4760093
0.473357
0.2044441
0.2506305
0.4462827
0.2543027
0.4327272
0.3561989
0.6244026
0.8330086
0.3716976
0.3100956
0.7483203
0.04665573
0.3799533
0.6510241
0.5522401
0.4845161
0.2753981
0.5811736
0.3690915
0.5384265
0.6605723
0.7127464
0.3747455
0.7745355
0.6518503
0.4995958
0.3861234
0.6294603
0.7917503
0.353407
0.7207543
0.7104064
0.5132528
0.2772511
0.3837992
0.6527478
0.6955627
0.4907681
0.7613506
0.6338759
0.5172374
